0.000 0.811 0.000 1.501 0.000 0.690 -0.000
0.000 0.811 0.000 1.501 0.000 0.690 -0.000
-0.002 0.811 0.002 1.501 0.002 0.690 -0.001
-0.004 0.811 0.004 1.501 0.005 0.690 -0.003
-0.007 0.811 0.007 1.501 0.008 0.690 -0.004
-0.009 0.811 0.009 1.501 0.010 0.690 -0.005
-0.011 0.811 0.012 1.501 0.013 0.690 -0.007
-0.014 0.811 0.014 1.501 0.016 0.691 -0.008
-0.016 0.810 0.016 1.501 0.019 0.691 -0.009
-0.018 0.810 0.019 1.501 0.021 0.691 -0.011
-0.020 0.810 0.021 1.501 0.024 0.692 -0.012
-0.023 0.810 0.023 1.501 0.026 0.692 -0.013
-0.025 0.809 0.026 1.501 0.029 0.692 -0.015
-0.027 0.809 0.028 1.501 0.032 0.693 -0.016
-0.030 0.809 0.030 1.501 0.034 0.693 -0.018
-0.032 0.808 0.032 1.502 0.037 0.694 -0.019
-0.034 0.808 0.035 1.502 0.039 0.694 -0.020
-0.036 0.807 0.037 1.502 0.042 0.695 -0.021
-0.038 0.807 0.039 1.502 0.044 0.696 -0.023
-0.040 0.806 0.041 1.502 0.047 0.696 -0.024
-0.043 0.806 0.044 1.502 0.049 0.697 -0.025
-0.045 0.805 0.046 1.502 0.051 0.698 -0.027
-0.047 0.805 0.048 1.502 0.054 0.699 -0.028
-0.049 0.804 0.050 1.502 0.056 0.699 -0.029
-0.051 0.803 0.052 1.502 0.059 0.700 -0.030
-0.053 0.803 0.055 1.502 0.061 0.701 -0.032
-0.055 0.802 0.057 1.502 0.063 0.702 -0.033
-0.057 0.801 0.059 1.503 0.065 0.703 -0.034
-0.059 0.801 0.061 1.503 0.068 0.704 -0.035
-0.061 0.800 0.063 1.503 0.070 0.705 -0.036
-0.063 0.799 0.065 1.503 0.072 0.706 -0.037
-0.065 0.798 0.067 1.503 0.074 0.707 -0.039
-0.066 0.797 0.069 1.503 0.076 0.709 -0.040
-0.068 0.796 0.071 1.503 0.078 0.710 -0.041
-0.070 0.795 0.073 1.503 0.080 0.711 -0.042
-0.072 0.794 0.075 1.504 0.082 0.712 -0.043
-0.073 0.793 0.077 1.504 0.084 0.713 -0.044
-0.075 0.792 0.079 1.504 0.086 0.715 -0.045
-0.077 0.791 0.081 1.504 0.088 0.716 -0.046
-0.078 0.790 0.083 1.504 0.089 0.717 -0.047
-0.080 0.789 0.084 1.504 0.091 0.719 -0.048
-0.082 0.788 0.086 1.504 0.093 0.720 -0.049
-0.083 0.787 0.088 1.505 0.094 0.722 -0.050
-0.085 0.786 0.090 1.505 0.096 0.723 -0.051
-0.086 0.785 0.091 1.505 0.098 0.725 -0.052
-0.088 0.784 0.093 1.505 0.099 0.726 -0.053
-0.089 0.782 0.095 1.505 0.100 0.728 -0.054
-0.090 0.781 0.096 1.505 0.102 0.729 -0.054
-0.092 0.780 0.098 1.506 0.103 0.731 -0.055
-0.093 0.779 0.099 1.506 0.104 0.732 -0.056
-0.094 0.777 0.101 1.506 0.106 0.734 -0.057
-0.095 0.776 0.102 1.506 0.107 0.736 -0.057
-0.096 0.775 0.104 1.506 0.108 0.737 -0.058
-0.098 0.773 0.105 1.506 0.109 0.739 -0.059
-0.099 0.772 0.107 1.507 0.110 0.741 -0.059
-0.100 0.770 0.108 1.507 0.111 0.742 -0.060
-0.101 0.769 0.109 1.507 0.112 0.744 -0.061
-0.102 0.768 0.110 1.507 0.113 0.746 -0.061
-0.103 0.766 0.112 1.507 0.114 0.748 -0.062
-0.103 0.765 0.113 1.508 0.115 0.749 -0.062
-0.104 0.763 0.114 1.508 0.115 0.751 -0.063
-0.105 0.762 0.115 1.508 0.116 0.753 -0.063
-0.106 0.760 0.116 1.508 0.116 0.755 -0.063
-0.107 0.759 0.117 1.508 0.117 0.757 -0.064
-0.107 0.757 0.118 1.508 0.118 0.758 -0.064
-0.108 0.756 0.119 1.509 0.118 0.760 -0.064
-0.108 0.754 0.119 1.509 0.118 0.762 -0.065
-0.109 0.752 0.120 1.509 0.119 0.764 -0.065
-0.110 0.751 0.121 1.509 0.119 0.766 -0.065
-0.110 0.749 0.122 1.509 0.119 0.768 -0.065
-0.110 0.748 0.122 1.510 0.119 0.769 -0.065
-0.111 0.746 0.123 1.510 0.119 0.771 -0.065
-0.111 0.744 0.123 1.510 0.120 0.773 -0.065
-0.112 0.743 0.124 1.510 0.120 0.775 -0.065
-0.112 0.741 0.124 1.510 0.120 0.777 -0.065
-0.112 0.739 0.124 1.511 0.119 0.779 -0.065
-0.112 0.738 0.125 1.511 0.119 0.781 -0.065
-0.112 0.736 0.125 1.511 0.119 0.783 -0.065
-0.113 0.734 0.125 1.511 0.119 0.784 -0.065
-0.113 0.733 0.125 1.512 0.118 0.786 -0.065
-0.113 0.731 0.126 1.512 0.118 0.788 -0.064
-0.113 0.729 0.126 1.512 0.118 0.790 -0.064
-0.113 0.728 0.126 1.512 0.117 0.792 -0.064
-0.113 0.726 0.125 1.512 0.117 0.794 -0.063
-0.113 0.724 0.125 1.513 0.116 0.795 -0.063
-0.112 0.723 0.125 1.513 0.116 0.797 -0.063
-0.112 0.721 0.125 1.513 0.115 0.799 -0.062
-0.112 0.719 0.125 1.513 0.114 0.801 -0.062
-0.112 0.718 0.124 1.513 0.114 0.803 -0.061
-0.112 0.716 0.124 1.514 0.113 0.804 -0.060
-0.111 0.714 0.123 1.514 0.112 0.806 -0.060
-0.111 0.713 0.123 1.514 0.111 0.808 -0.059
-0.111 0.711 0.122 1.514 0.110 0.810 -0.058
-0.110 0.710 0.122 1.514 0.109 0.811 -0.058
-0.110 0.708 0.121 1.514 0.108 0.813 -0.057
-0.109 0.706 0.120 1.515 0.107 0.815 -0.056
-0.109 0.705 0.119 1.515 0.106 0.816 -0.055
-0.108 0.703 0.118 1.515 0.105 0.818 -0.054
-0.108 0.702 0.117 1.515 0.104 0.820 -0.053
-0.107 0.700 0.116 1.515 0.102 0.821 -0.052
-0.106 0.699 0.115 1.516 0.101 0.823 -0.051
-0.106 0.697 0.114 1.516 0.100 0.825 -0.050
-0.105 0.695 0.113 1.516 0.099 0.826 -0.049
-0.104 0.694 0.112 1.516 0.097 0.828 -0.048
-0.104 0.693 0.111 1.516 0.096 0.829 -0.047
-0.103 0.691 0.109 1.516 0.094 0.831 -0.045
-0.102 0.690 0.108 1.517 0.093 0.832 -0.044
-0.101 0.688 0.107 1.517 0.091 0.833 -0.043
-0.100 0.687 0.105 1.517 0.090 0.835 -0.041
-0.100 0.685 0.104 1.517 0.088 0.836 -0.040
-0.099 0.684 0.102 1.517 0.087 0.838 -0.039
-0.098 0.683 0.100 1.517 0.085 0.839 -0.037
-0.097 0.681 0.099 1.518 0.083 0.840 -0.036
-0.096 0.680 0.097 1.518 0.082 0.842 -0.034
-0.095 0.679 0.095 1.518 0.080 0.843 -0.033
-0.094 0.678 0.093 1.518 0.078 0.844 -0.031
-0.093 0.676 0.092 1.518 0.077 0.845 -0.029
-0.092 0.675 0.090 1.518 0.075 0.846 -0.028
-0.091 0.674 0.088 1.518 0.073 0.848 -0.026
-0.090 0.673 0.086 1.519 0.071 0.849 -0.024
-0.089 0.672 0.084 1.519 0.069 0.850 -0.023
-0.088 0.671 0.082 1.519 0.067 0.851 -0.021
-0.087 0.670 0.079 1.519 0.065 0.852 -0.019
-0.085 0.669 0.077 1.519 0.064 0.853 -0.017
-0.084 0.668 0.075 1.519 0.062 0.854 -0.015
-0.083 0.667 0.073 1.519 0.060 0.855 -0.013
-0.082 0.666 0.070 1.519 0.058 0.856 -0.011
-0.081 0.665 0.068 1.519 0.056 0.856 -0.009
-0.080 0.664 0.066 1.520 0.054 0.857 -0.007
-0.078 0.663 0.063 1.520 0.052 0.858 -0.005
-0.077 0.662 0.061 1.520 0.050 0.859 -0.003
-0.076 0.662 0.059 1.520 0.047 0.860 -0.001
-0.075 0.661 0.056 1.520 0.045 0.860 0.001
-0.073 0.660 0.054 1.520 0.043 0.861 0.003
-0.072 0.659 0.051 1.520 0.041 0.862 0.005
-0.071 0.659 0.048 1.520 0.039 0.862 0.007
-0.070 0.658 0.046 1.520 0.037 0.863 0.009
-0.068 0.658 0.043 1.520 0.035 0.863 0.011
-0.067 0.657 0.041 1.520 0.033 0.864 0.014
-0.066 0.656 0.038 1.520 0.030 0.864 0.016
-0.064 0.656 0.035 1.520 0.028 0.865 0.018
-0.063 0.656 0.033 1.520 0.026 0.865 0.020
-0.062 0.655 0.030 1.520 0.024 0.866 0.022
-0.060 0.655 0.027 1.520 0.022 0.866 0.025
-0.059 0.654 0.024 1.520 0.020 0.866 0.027
-0.058 0.654 0.022 1.521 0.017 0.867 0.029
-0.056 0.654 0.019 1.521 0.015 0.867 0.031
-0.055 0.654 0.016 1.521 0.013 0.867 0.034
-0.054 0.653 0.013 1.521 0.011 0.867 0.036
-0.052 0.653 0.011 1.521 0.008 0.867 0.038
-0.051 0.653 0.008 1.521 0.006 0.867 0.041
-0.050 0.653 0.005 1.521 0.004 0.868 0.043
-0.048 0.653 0.002 1.521 0.002 0.868 0.045
-0.047 0.653 -0.000 1.521 -0.000 0.868 0.047
-0.045 0.653 -0.003 1.521 -0.003 0.868 0.050
-0.044 0.653 -0.006 1.521 -0.005 0.867 0.052
-0.043 0.653 -0.009 1.521 -0.007 0.867 0.054
-0.041 0.653 -0.012 1.520 -0.009 0.867 0.057
-0.040 0.653 -0.015 1.520 -0.012 0.867 0.059
-0.039 0.654 -0.017 1.520 -0.014 0.867 0.061
-0.037 0.654 -0.020 1.520 -0.016 0.867 0.064
-0.036 0.654 -0.023 1.520 -0.018 0.866 0.066
-0.035 0.654 -0.025 1.520 -0.020 0.866 0.068
-0.033 0.655 -0.028 1.520 -0.023 0.866 0.070
-0.032 0.655 -0.031 1.520 -0.025 0.865 0.073
-0.031 0.656 -0.034 1.520 -0.027 0.865 0.075
-0.029 0.656 -0.036 1.520 -0.029 0.865 0.077
-0.028 0.657 -0.039 1.520 -0.031 0.864 0.079
-0.027 0.657 -0.042 1.520 -0.033 0.864 0.081
-0.025 0.658 -0.044 1.520 -0.036 0.863 0.084
-0.024 0.658 -0.047 1.520 -0.038 0.862 0.086
-0.023 0.659 -0.049 1.520 -0.040 0.862 0.088
-0.022 0.659 -0.052 1.520 -0.042 0.861 0.090
-0.020 0.660 -0.055 1.520 -0.044 0.861 0.092
-0.019 0.661 -0.057 1.519 -0.046 0.860 0.094
-0.018 0.662 -0.060 1.519 -0.048 0.859 0.096
-0.017 0.662 -0.062 1.519 -0.050 0.858 0.098
-0.015 0.663 -0.064 1.519 -0.052 0.858 0.100
-0.014 0.664 -0.067 1.519 -0.054 0.857 0.103
-0.013 0.665 -0.069 1.519 -0.056 0.856 0.104
-0.012 0.666 -0.071 1.519 -0.058 0.855 0.106
-0.011 0.667 -0.074 1.519 -0.060 0.854 0.108
-0.010 0.668 -0.076 1.519 -0.062 0.853 0.110
-0.008 0.669 -0.078 1.518 -0.064 0.852 0.112
-0.007 0.670 -0.080 1.518 -0.066 0.851 0.114
-0.006 0.671 -0.082 1.518 -0.068 0.850 0.116
-0.005 0.672 -0.084 1.518 -0.070 0.849 0.117
-0.004 0.673 -0.087 1.518 -0.072 0.848 0.119
-0.003 0.674 -0.088 1.518 -0.074 0.847 0.121
-0.002 0.675 -0.090 1.518 -0.075 0.846 0.123
-0.001 0.677 -0.092 1.517 -0.077 0.844 0.124
0.000 0.678 -0.094 1.517 -0.079 0.843 0.126
0.001 0.679 -0.096 1.517 -0.081 0.842 0.128
0.002 0.680 -0.098 1.517 -0.082 0.841 0.129
0.003 0.682 -0.099 1.517 -0.084 0.839 0.131
0.004 0.683 -0.101 1.517 -0.086 0.838 0.132
0.005 0.684 -0.103 1.516 -0.087 0.837 0.134
0.006 0.686 -0.104 1.516 -0.089 0.835 0.135
0.006 0.687 -0.106 1.516 -0.090 0.834 0.136
0.007 0.688 -0.107 1.516 -0.092 0.832 0.138
0.008 0.690 -0.109 1.516 -0.094 0.831 0.139
0.009 0.691 -0.110 1.516 -0.095 0.830 0.140
0.010 0.693 -0.111 1.515 -0.096 0.828 0.141
0.010 0.694 -0.112 1.515 -0.098 0.827 0.143
0.011 0.696 -0.114 1.515 -0.099 0.825 0.144
0.012 0.697 -0.115 1.515 -0.100 0.823 0.145
0.012 0.699 -0.116 1.515 -0.102 0.822 0.146
0.013 0.700 -0.117 1.515 -0.103 0.820 0.147
0.013 0.702 -0.118 1.514 -0.104 0.819 0.148
0.014 0.703 -0.119 1.514 -0.105 0.817 0.149
0.015 0.705 -0.120 1.514 -0.106 0.815 0.150
0.015 0.707 -0.120 1.514 -0.108 0.814 0.151
0.015 0.708 -0.121 1.514 -0.109 0.812 0.152
0.016 0.710 -0.122 1.513 -0.109 0.810 0.152
0.016 0.711 -0.122 1.513 -0.110 0.809 0.153
0.017 0.713 -0.123 1.513 -0.111 0.807 0.154
0.017 0.715 -0.124 1.513 -0.112 0.805 0.154
0.017 0.716 -0.124 1.513 -0.113 0.803 0.155
0.018 0.718 -0.124 1.512 -0.114 0.802 0.156
0.018 0.720 -0.125 1.512 -0.115 0.800 0.156
0.018 0.721 -0.125 1.512 -0.115 0.798 0.157
0.018 0.723 -0.125 1.512 -0.116 0.796 0.157
0.018 0.725 -0.125 1.512 -0.116 0.794 0.158
0.018 0.726 -0.125 1.511 -0.117 0.792 0.158
0.018 0.728 -0.126 1.511 -0.117 0.791 0.158
0.018 0.730 -0.126 1.511 -0.118 0.789 0.159
0.018 0.731 -0.125 1.511 -0.118 0.787 0.159
0.018 0.733 -0.125 1.511 -0.119 0.785 0.159
0.018 0.735 -0.125 1.510 -0.119 0.783 0.159
0.018 0.736 -0.125 1.510 -0.119 0.781 0.160
0.018 0.738 -0.125 1.510 -0.119 0.779 0.160
0.018 0.739 -0.124 1.510 -0.119 0.778 0.160
0.017 0.741 -0.124 1.510 -0.120 0.776 0.160
0.017 0.743 -0.124 1.509 -0.120 0.774 0.160
0.017 0.744 -0.123 1.509 -0.120 0.772 0.160
0.016 0.746 -0.123 1.509 -0.119 0.770 0.160
0.016 0.748 -0.122 1.509 -0.119 0.768 0.160
0.015 0.749 -0.121 1.509 -0.119 0.766 0.160
0.015 0.751 -0.121 1.508 -0.119 0.765 0.159
0.014 0.752 -0.120 1.508 -0.119 0.763 0.159
0.014 0.754 -0.119 1.508 -0.118 0.761 0.159
0.013 0.756 -0.118 1.508 -0.118 0.759 0.159
0.013 0.757 -0.117 1.508 -0.117 0.757 0.158
0.012 0.759 -0.116 1.507 -0.117 0.755 0.158
0.011 0.760 -0.115 1.507 -0.116 0.754 0.158
0.010 0.762 -0.114 1.507 -0.116 0.752 0.157
0.010 0.763 -0.113 1.507 -0.115 0.750 0.157
0.009 0.765 -0.112 1.507 -0.114 0.748 0.156
0.008 0.766 -0.111 1.506 -0.113 0.746 0.156
0.007 0.768 -0.110 1.506 -0.113 0.745 0.155
0.006 0.769 -0.109 1.506 -0.112 0.743 0.155
0.005 0.771 -0.107 1.506 -0.111 0.741 0.154
0.004 0.772 -0.106 1.506 -0.110 0.740 0.154
0.003 0.773 -0.105 1.506 -0.109 0.738 0.153
0.002 0.775 -0.103 1.505 -0.108 0.736 0.152
0.000 0.776 -0.102 1.505 -0.106 0.735 0.151
-0.001 0.777 -0.100 1.505 -0.105 0.733 0.151
-0.002 0.779 -0.099 1.505 -0.104 0.731 0.150
-0.003 0.780 -0.097 1.505 -0.103 0.730 0.149
-0.005 0.781 -0.096 1.505 -0.101 0.728 0.148
-0.006 0.782 -0.094 1.504 -0.100 0.727 0.148
-0.007 0.784 -0.092 1.504 -0.098 0.725 0.147
-0.009 0.785 -0.091 1.504 -0.097 0.724 0.146
-0.010 0.786 -0.089 1.504 -0.095 0.722 0.145
-0.012 0.787 -0.087 1.504 -0.094 0.721 0.144
-0.013 0.788 -0.085 1.504 -0.092 0.719 0.143
-0.015 0.789 -0.084 1.504 -0.090 0.718 0.142
-0.016 0.790 -0.082 1.503 -0.089 0.717 0.141
-0.018 0.792 -0.080 1.503 -0.087 0.715 0.140
-0.020 0.793 -0.078 1.503 -0.085 0.714 0.139
-0.021 0.794 -0.076 1.503 -0.083 0.713 0.138
-0.023 0.795 -0.074 1.503 -0.081 0.711 0.137
-0.025 0.795 -0.072 1.503 -0.079 0.710 0.136
-0.027 0.796 -0.070 1.503 -0.077 0.709 0.135
-0.029 0.797 -0.068 1.503 -0.075 0.708 0.134
-0.030 0.798 -0.066 1.502 -0.073 0.707 0.132
-0.032 0.799 -0.064 1.502 -0.071 0.706 0.131
-0.034 0.800 -0.062 1.502 -0.069 0.705 0.130
-0.036 0.801 -0.060 1.502 -0.067 0.704 0.129
-0.038 0.801 -0.058 1.502 -0.065 0.703 0.128
-0.040 0.802 -0.056 1.502 -0.062 0.702 0.126
-0.042 0.803 -0.054 1.502 -0.060 0.701 0.125
-0.044 0.803 -0.052 1.502 -0.058 0.700 0.124
-0.046 0.804 -0.049 1.502 -0.055 0.699 0.123
-0.048 0.805 -0.047 1.502 -0.053 0.698 0.122
-0.050 0.805 -0.045 1.502 -0.051 0.697 0.120
-0.053 0.806 -0.043 1.502 -0.048 0.697 0.119
-0.055 0.806 -0.041 1.502 -0.046 0.696 0.118
-0.057 0.807 -0.038 1.501 -0.043 0.695 0.116
-0.059 0.807 -0.036 1.501 -0.041 0.695 0.115
-0.061 0.808 -0.034 1.501 -0.038 0.694 0.114
-0.063 0.808 -0.032 1.501 -0.036 0.694 0.113
-0.066 0.809 -0.029 1.501 -0.033 0.693 0.111
-0.068 0.809 -0.027 1.501 -0.030 0.693 0.110
-0.070 0.809 -0.025 1.501 -0.028 0.692 0.109
-0.072 0.810 -0.022 1.501 -0.025 0.692 0.107
-0.075 0.810 -0.020 1.501 -0.023 0.691 0.106
-0.077 0.810 -0.018 1.501 -0.020 0.691 0.104
-0.079 0.810 -0.015 1.501 -0.017 0.691 0.103
-0.082 0.811 -0.013 1.501 -0.014 0.691 0.102
