-0.015 -0.583 0.000 -1.199 0.000 -0.616 0.015
-0.015 -0.580 0.000 -1.192 0.000 -0.613 0.015
-0.015 -0.577 0.000 -1.187 0.000 -0.610 0.015
-0.015 -0.577 0.000 -1.187 0.000 -0.610 0.015
-0.015 -0.579 0.000 -1.191 0.000 -0.612 0.015
-0.015 -0.583 0.000 -1.199 0.000 -0.616 0.015
-0.015 -0.587 0.000 -1.207 0.000 -0.620 0.015
-0.015 -0.589 0.000 -1.211 0.000 -0.623 0.015
-0.015 -0.589 0.000 -1.211 0.000 -0.623 0.015
-0.015 -0.587 0.000 -1.207 0.000 -0.620 0.015
-0.015 -0.583 0.000 -1.200 0.000 -0.616 0.015
-0.015 -0.579 0.000 -1.192 0.000 -0.613 0.015
-0.015 -0.577 0.000 -1.187 0.000 -0.610 0.015
-0.015 -0.577 0.000 -1.187 0.000 -0.610 0.015
-0.015 -0.579 0.000 -1.192 0.000 -0.612 0.015
-0.015 -0.583 0.000 -1.199 0.000 -0.616 0.015
-0.015 -0.587 0.000 -1.207 0.000 -0.620 0.015
-0.015 -0.589 0.000 -1.211 0.000 -0.623 0.015
-0.015 -0.589 0.000 -1.211 0.000 -0.623 0.015
-0.015 -0.587 0.000 -1.207 0.000 -0.620 0.015
-0.015 -0.583 0.000 -1.199 0.000 -0.616 0.015
-0.015 -0.579 0.000 -1.192 0.000 -0.612 0.015
-0.015 -0.577 0.000 -1.187 0.000 -0.610 0.015
-0.015 -0.577 0.000 -1.187 0.000 -0.610 0.015
-0.015 -0.579 0.000 -1.192 0.000 -0.612 0.015
-0.015 -0.583 0.000 -1.200 0.000 -0.616 0.015
-0.015 -0.587 0.000 -1.207 0.000 -0.620 0.015
-0.015 -0.589 0.000 -1.211 0.000 -0.623 0.015
-0.015 -0.589 0.000 -1.211 0.000 -0.623 0.015
-0.015 -0.587 0.000 -1.207 0.000 -0.620 0.015
-0.015 -0.583 0.000 -1.199 0.000 -0.616 0.015
-0.015 -0.579 0.000 -1.192 0.000 -0.612 0.015
-0.015 -0.577 0.000 -1.187 0.000 -0.610 0.015
-0.015 -0.577 0.000 -1.187 0.000 -0.610 0.015
-0.015 -0.579 0.000 -1.192 0.000 -0.613 0.015
-0.015 -0.583 0.000 -1.200 0.000 -0.617 0.015
-0.015 -0.587 0.000 -1.207 0.000 -0.620 0.015
-0.015 -0.589 0.000 -1.212 0.000 -0.623 0.015
-0.015 -0.589 0.000 -1.212 0.000 -0.623 0.015
-0.015 -0.587 0.000 -1.207 0.000 -0.620 0.015
-0.015 -0.583 0.000 -1.199 0.000 -0.616 0.015
-0.015 -0.579 0.000 -1.192 0.000 -0.612 0.015
-0.015 -0.577 0.000 -1.187 0.000 -0.610 0.015
-0.015 -0.577 0.000 -1.187 0.000 -0.610 0.015
-0.015 -0.580 0.000 -1.192 0.000 -0.613 0.015
-0.015 -0.583 0.000 -1.200 0.000 -0.617 0.015
-0.015 -0.587 0.000 -1.207 0.000 -0.621 0.015
-0.015 -0.589 0.000 -1.212 0.000 -0.623 0.015
-0.015 -0.589 0.000 -1.212 0.000 -0.623 0.015
-0.015 -0.586 0.000 -1.207 0.000 -0.620 0.015
-0.015 -0.583 0.000 -1.199 0.000 -0.616 0.015
-0.015 -0.579 0.000 -1.191 0.000 -0.612 0.015
-0.015 -0.577 0.000 -1.187 0.000 -0.610 0.015
-0.015 -0.577 0.000 -1.187 0.000 -0.610 0.015
-0.015 -0.580 0.000 -1.192 0.000 -0.613 0.015
-0.015 -0.583 0.000 -1.200 0.000 -0.617 0.015
-0.015 -0.587 0.000 -1.208 0.000 -0.621 0.015
-0.015 -0.589 0.000 -1.212 0.000 -0.623 0.015
-0.015 -0.589 0.000 -1.212 0.000 -0.623 0.015
-0.015 -0.586 0.000 -1.206 0.000 -0.620 0.015
-0.015 -0.583 0.000 -1.199 0.000 -0.616 0.015
-0.015 -0.579 0.000 -1.191 0.000 -0.612 0.015
-0.015 -0.577 0.000 -1.187 0.000 -0.610 0.015
-0.015 -0.577 0.000 -1.187 0.000 -0.610 0.015
-0.015 -0.580 0.000 -1.193 0.000 -0.613 0.015
-0.015 -0.583 0.000 -1.200 0.000 -0.617 0.015
-0.015 -0.587 0.000 -1.208 0.000 -0.621 0.015
-0.015 -0.589 0.000 -1.212 0.000 -0.623 0.015
-0.015 -0.589 0.000 -1.212 0.000 -0.623 0.015
-0.015 -0.586 0.000 -1.206 0.000 -0.620 0.015
-0.015 -0.583 0.000 -1.198 0.000 -0.616 0.015
-0.015 -0.579 0.000 -1.191 0.000 -0.612 0.015
-0.015 -0.577 0.000 -1.187 0.000 -0.610 0.015
-0.015 -0.577 0.000 -1.187 0.000 -0.610 0.015
-0.015 -0.580 0.000 -1.193 0.000 -0.613 0.015
-0.015 -0.584 0.000 -1.201 0.000 -0.617 0.015
-0.015 -0.587 0.000 -1.208 0.000 -0.621 0.015
-0.015 -0.589 0.000 -1.212 0.000 -0.623 0.015
-0.015 -0.589 0.000 -1.211 0.000 -0.623 0.015
-0.015 -0.586 0.000 -1.206 0.000 -0.620 0.015
-0.015 -0.582 0.000 -1.198 0.000 -0.616 0.015
-0.015 -0.579 0.000 -1.191 0.000 -0.612 0.015
-0.015 -0.577 0.000 -1.187 0.000 -0.610 0.015
-0.015 -0.577 0.000 -1.187 0.000 -0.610 0.015
-0.015 -0.580 0.000 -1.193 0.000 -0.613 0.015
-0.015 -0.584 0.000 -1.201 0.000 -0.617 0.015
-0.015 -0.587 0.000 -1.208 0.000 -0.621 0.015
-0.015 -0.589 0.000 -1.212 0.000 -0.623 0.015
-0.015 -0.589 0.000 -1.211 0.000 -0.623 0.015
-0.015 -0.586 0.000 -1.206 0.000 -0.620 0.015
-0.015 -0.582 0.000 -1.198 0.000 -0.616 0.015
-0.015 -0.579 0.000 -1.191 0.000 -0.612 0.015
-0.015 -0.577 0.000 -1.187 0.000 -0.610 0.015
-0.015 -0.577 0.000 -1.187 0.000 -0.610 0.015
-0.015 -0.580 0.000 -1.193 0.000 -0.613 0.015
-0.015 -0.584 0.000 -1.201 0.000 -0.617 0.015
-0.015 -0.587 0.000 -1.208 0.000 -0.621 0.015
-0.015 -0.589 0.000 -1.212 0.000 -0.623 0.015
-0.015 -0.589 0.000 -1.211 0.000 -0.623 0.015
-0.015 -0.586 0.000 -1.206 0.000 -0.620 0.015
-0.015 -0.582 0.000 -1.198 0.000 -0.616 0.015
-0.015 -0.579 0.000 -1.191 0.000 -0.612 0.015
-0.015 -0.577 0.000 -1.187 0.000 -0.610 0.015
-0.015 -0.577 0.000 -1.187 0.000 -0.610 0.015
-0.015 -0.580 0.000 -1.193 0.000 -0.613 0.015
-0.015 -0.584 0.000 -1.201 0.000 -0.617 0.015
-0.015 -0.587 0.000 -1.208 0.000 -0.621 0.015
-0.015 -0.589 0.000 -1.212 0.000 -0.623 0.015
-0.015 -0.589 0.000 -1.211 0.000 -0.623 0.015
-0.015 -0.586 0.000 -1.206 0.000 -0.620 0.015
-0.015 -0.582 0.000 -1.198 0.000 -0.615 0.015
-0.015 -0.579 0.000 -1.190 0.000 -0.612 0.015
-0.015 -0.577 0.000 -1.187 0.000 -0.610 0.015
-0.015 -0.577 0.000 -1.188 0.000 -0.610 0.015
-0.015 -0.580 0.000 -1.193 0.000 -0.613 0.015
-0.015 -0.584 0.000 -1.201 0.000 -0.617 0.015
-0.015 -0.587 0.000 -1.208 0.000 -0.621 0.015
-0.015 -0.589 0.000 -1.212 0.000 -0.623 0.015
-0.015 -0.589 0.000 -1.211 0.000 -0.622 0.015
-0.015 -0.586 0.000 -1.205 0.000 -0.619 0.015
-0.015 -0.582 0.000 -1.197 0.000 -0.615 0.015
-0.015 -0.579 0.000 -1.190 0.000 -0.612 0.015
-0.015 -0.577 0.000 -1.187 0.000 -0.610 0.015
-0.015 -0.577 0.000 -1.188 0.000 -0.610 0.015
-0.015 -0.580 0.000 -1.194 0.000 -0.613 0.015
-0.015 -0.584 0.000 -1.202 0.000 -0.617 0.015
-0.015 -0.587 0.000 -1.209 0.000 -0.621 0.015
-0.015 -0.589 0.000 -1.212 0.000 -0.623 0.015
-0.015 -0.589 0.000 -1.211 0.000 -0.622 0.015
-0.015 -0.586 0.000 -1.205 0.000 -0.619 0.015
-0.015 -0.582 0.000 -1.197 0.000 -0.615 0.015
-0.015 -0.579 0.000 -1.190 0.000 -0.612 0.015
-0.015 -0.577 0.000 -1.187 0.000 -0.610 0.015
-0.015 -0.577 0.000 -1.188 0.000 -0.610 0.015
-0.015 -0.580 0.000 -1.194 0.000 -0.613 0.015
-0.015 -0.584 0.000 -1.202 0.000 -0.618 0.015
-0.015 -0.588 0.000 -1.209 0.000 -0.621 0.015
-0.015 -0.589 0.000 -1.212 0.000 -0.623 0.015
-0.015 -0.589 0.000 -1.211 0.000 -0.622 0.015
-0.015 -0.586 0.000 -1.205 0.000 -0.619 0.015
-0.015 -0.582 0.000 -1.197 0.000 -0.615 0.015
-0.015 -0.579 0.000 -1.190 0.000 -0.612 0.015
-0.015 -0.577 0.000 -1.187 0.000 -0.610 0.015
-0.015 -0.577 0.000 -1.188 0.000 -0.610 0.015
-0.015 -0.580 0.000 -1.194 0.000 -0.614 0.015
-0.015 -0.584 0.000 -1.202 0.000 -0.618 0.015
-0.015 -0.588 0.000 -1.209 0.000 -0.621 0.015
-0.015 -0.589 0.000 -1.212 0.000 -0.623 0.015
-0.015 -0.589 0.000 -1.211 0.000 -0.622 0.015
-0.015 -0.586 0.000 -1.205 0.000 -0.619 0.015
-0.015 -0.582 0.000 -1.197 0.000 -0.615 0.015
-0.015 -0.578 0.000 -1.190 0.000 -0.611 0.015
-0.015 -0.577 0.000 -1.187 0.000 -0.610 0.015
-0.015 -0.578 0.000 -1.188 0.000 -0.610 0.015
-0.015 -0.580 0.000 -1.194 0.000 -0.614 0.015
-0.015 -0.584 0.000 -1.202 0.000 -0.618 0.015
-0.015 -0.588 0.000 -1.209 0.000 -0.621 0.015
-0.015 -0.589 0.000 -1.212 0.000 -0.623 0.015
-0.015 -0.588 0.000 -1.211 0.000 -0.622 0.015
-0.015 -0.586 0.000 -1.205 0.000 -0.619 0.015
-0.015 -0.582 0.000 -1.197 0.000 -0.615 0.015
-0.015 -0.578 0.000 -1.190 0.000 -0.611 0.015
-0.015 -0.577 0.000 -1.187 0.000 -0.610 0.015
-0.015 -0.578 0.000 -1.188 0.000 -0.611 0.015
-0.015 -0.581 0.000 -1.194 0.000 -0.614 0.015
-0.015 -0.584 0.000 -1.202 0.000 -0.618 0.015
-0.015 -0.588 0.000 -1.209 0.000 -0.621 0.015
-0.015 -0.589 0.000 -1.212 0.000 -0.623 0.015
-0.015 -0.588 0.000 -1.211 0.000 -0.622 0.015
-0.015 -0.585 0.000 -1.204 0.000 -0.619 0.015
-0.015 -0.582 0.000 -1.196 0.000 -0.615 0.015
-0.015 -0.578 0.000 -1.190 0.000 -0.611 0.015
-0.015 -0.577 0.000 -1.187 0.000 -0.610 0.015
-0.015 -0.578 0.000 -1.188 0.000 -0.611 0.015
-0.015 -0.581 0.000 -1.195 0.000 -0.614 0.015
-0.015 -0.585 0.000 -1.203 0.000 -0.618 0.015
-0.015 -0.588 0.000 -1.209 0.000 -0.621 0.015
-0.015 -0.589 0.000 -1.212 0.000 -0.623 0.015
-0.015 -0.588 0.000 -1.211 0.000 -0.622 0.015
-0.015 -0.585 0.000 -1.204 0.000 -0.619 0.015
-0.015 -0.581 0.000 -1.196 0.000 -0.615 0.015
-0.015 -0.578 0.000 -1.189 0.000 -0.611 0.015
-0.015 -0.577 0.000 -1.187 0.000 -0.610 0.015
-0.015 -0.578 0.000 -1.188 0.000 -0.611 0.015
-0.015 -0.581 0.000 -1.195 0.000 -0.614 0.015
-0.015 -0.585 0.000 -1.203 0.000 -0.618 0.015
-0.015 -0.588 0.000 -1.209 0.000 -0.622 0.015
-0.015 -0.589 0.000 -1.212 0.000 -0.623 0.015
-0.015 -0.588 0.000 -1.210 0.000 -0.622 0.015
-0.015 -0.585 0.000 -1.204 0.000 -0.619 0.015
-0.015 -0.581 0.000 -1.196 0.000 -0.615 0.015
-0.015 -0.578 0.000 -1.189 0.000 -0.611 0.015
-0.015 -0.577 0.000 -1.187 0.000 -0.610 0.015
-0.015 -0.578 0.000 -1.188 0.000 -0.611 0.015
-0.015 -0.581 0.000 -1.195 0.000 -0.614 0.015
-0.015 -0.585 0.000 -1.203 0.000 -0.618 0.015
-0.015 -0.588 0.000 -1.210 0.000 -0.622 0.015
-0.015 -0.589 0.000 -1.212 0.000 -0.623 0.015
-0.015 -0.588 0.000 -1.210 0.000 -0.622 0.015
-0.015 -0.585 0.000 -1.204 0.000 -0.619 0.015
-0.015 -0.581 0.000 -1.196 0.000 -0.615 0.015
-0.015 -0.578 0.000 -1.189 0.000 -0.611 0.015
-0.015 -0.577 0.000 -1.187 0.000 -0.610 0.015
-0.015 -0.578 0.000 -1.189 0.000 -0.611 0.015
-0.015 -0.581 0.000 -1.195 0.000 -0.614 0.015
-0.015 -0.585 0.000 -1.203 0.000 -0.618 0.015
-0.015 -0.588 0.000 -1.210 0.000 -0.622 0.015
-0.015 -0.589 0.000 -1.212 0.000 -0.623 0.015
-0.015 -0.588 0.000 -1.210 0.000 -0.622 0.015
-0.015 -0.585 0.000 -1.204 0.000 -0.619 0.015
-0.015 -0.581 0.000 -1.196 0.000 -0.614 0.015
-0.015 -0.578 0.000 -1.189 0.000 -0.611 0.015
-0.015 -0.577 0.000 -1.187 0.000 -0.610 0.015
-0.015 -0.578 0.000 -1.189 0.000 -0.611 0.015
-0.015 -0.581 0.000 -1.195 0.000 -0.614 0.015
-0.015 -0.585 0.000 -1.203 0.000 -0.618 0.015
-0.015 -0.588 0.000 -1.210 0.000 -0.622 0.015
-0.015 -0.589 0.000 -1.212 0.000 -0.623 0.015
-0.015 -0.588 0.000 -1.210 0.000 -0.622 0.015
-0.015 -0.585 0.000 -1.203 0.000 -0.618 0.015
-0.015 -0.581 0.000 -1.195 0.000 -0.614 0.015
-0.015 -0.578 0.000 -1.189 0.000 -0.611 0.015
-0.015 -0.577 0.000 -1.187 0.000 -0.610 0.015
-0.015 -0.578 0.000 -1.189 0.000 -0.611 0.015
-0.015 -0.581 0.000 -1.196 0.000 -0.614 0.015
-0.015 -0.585 0.000 -1.204 0.000 -0.619 0.015
-0.015 -0.588 0.000 -1.210 0.000 -0.622 0.015
-0.015 -0.589 0.000 -1.212 0.000 -0.623 0.015
-0.015 -0.588 0.000 -1.210 0.000 -0.622 0.015
-0.015 -0.585 0.000 -1.203 0.000 -0.618 0.015
-0.015 -0.581 0.000 -1.195 0.000 -0.614 0.015
-0.015 -0.578 0.000 -1.189 0.000 -0.611 0.015
-0.015 -0.577 0.000 -1.187 0.000 -0.610 0.015
-0.015 -0.578 0.000 -1.189 0.000 -0.611 0.015
-0.015 -0.581 0.000 -1.196 0.000 -0.614 0.015
-0.015 -0.585 0.000 -1.204 0.000 -0.619 0.015
-0.015 -0.588 0.000 -1.210 0.000 -0.622 0.015
-0.015 -0.589 0.000 -1.212 0.000 -0.623 0.015
-0.015 -0.588 0.000 -1.210 0.000 -0.622 0.015
-0.015 -0.585 0.000 -1.203 0.000 -0.618 0.015
-0.015 -0.581 0.000 -1.195 0.000 -0.614 0.015
-0.015 -0.578 0.000 -1.189 0.000 -0.611 0.015
-0.015 -0.577 0.000 -1.187 0.000 -0.610 0.015
-0.015 -0.578 0.000 -1.189 0.000 -0.611 0.015
-0.015 -0.581 0.000 -1.196 0.000 -0.615 0.015
-0.015 -0.585 0.000 -1.204 0.000 -0.619 0.015
-0.015 -0.588 0.000 -1.210 0.000 -0.622 0.015
-0.015 -0.589 0.000 -1.212 0.000 -0.623 0.015
-0.015 -0.588 0.000 -1.210 0.000 -0.622 0.015
-0.015 -0.585 0.000 -1.203 0.000 -0.618 0.015
-0.015 -0.581 0.000 -1.195 0.000 -0.614 0.015
-0.015 -0.578 0.000 -1.189 0.000 -0.611 0.015
-0.015 -0.577 0.000 -1.187 0.000 -0.610 0.015
-0.015 -0.578 0.000 -1.189 0.000 -0.611 0.015
-0.015 -0.581 0.000 -1.196 0.000 -0.615 0.015
-0.015 -0.585 0.000 -1.204 0.000 -0.619 0.015
-0.015 -0.588 0.000 -1.210 0.000 -0.622 0.015
-0.015 -0.589 0.000 -1.212 0.000 -0.623 0.015
-0.015 -0.588 0.000 -1.209 0.000 -0.622 0.015
-0.015 -0.585 0.000 -1.203 0.000 -0.618 0.015
-0.015 -0.581 0.000 -1.195 0.000 -0.614 0.015
-0.015 -0.578 0.000 -1.189 0.000 -0.611 0.015
-0.015 -0.577 0.000 -1.187 0.000 -0.610 0.015
-0.015 -0.578 0.000 -1.189 0.000 -0.611 0.015
-0.015 -0.582 0.000 -1.196 0.000 -0.615 0.015
-0.015 -0.585 0.000 -1.204 0.000 -0.619 0.015
-0.015 -0.588 0.000 -1.210 0.000 -0.622 0.015
-0.015 -0.589 0.000 -1.212 0.000 -0.623 0.015
-0.015 -0.588 0.000 -1.209 0.000 -0.622 0.015
-0.015 -0.584 0.000 -1.202 0.000 -0.618 0.015
-0.015 -0.581 0.000 -1.194 0.000 -0.614 0.015
-0.015 -0.578 0.000 -1.189 0.000 -0.611 0.015
-0.015 -0.577 0.000 -1.187 0.000 -0.610 0.015
-0.015 -0.578 0.000 -1.189 0.000 -0.611 0.015
-0.015 -0.582 0.000 -1.197 0.000 -0.615 0.015
-0.015 -0.585 0.000 -1.204 0.000 -0.619 0.015
-0.015 -0.588 0.000 -1.210 0.000 -0.622 0.015
-0.015 -0.589 0.000 -1.212 0.000 -0.623 0.015
-0.015 -0.588 0.000 -1.209 0.000 -0.621 0.015
-0.015 -0.584 0.000 -1.202 0.000 -0.618 0.015
-0.015 -0.581 0.000 -1.194 0.000 -0.614 0.015
-0.015 -0.578 0.000 -1.188 0.000 -0.611 0.015
-0.015 -0.577 0.000 -1.187 0.000 -0.610 0.015
-0.015 -0.578 0.000 -1.190 0.000 -0.611 0.015
-0.015 -0.582 0.000 -1.197 0.000 -0.615 0.015
-0.015 -0.586 0.000 -1.205 0.000 -0.619 0.015
-0.015 -0.588 0.000 -1.210 0.000 -0.622 0.015
-0.015 -0.589 0.000 -1.212 0.000 -0.623 0.015
-0.015 -0.588 0.000 -1.209 0.000 -0.621 0.015
-0.015 -0.584 0.000 -1.202 0.000 -0.618 0.015
-0.015 -0.580 0.000 -1.194 0.000 -0.614 0.015
-0.015 -0.578 0.000 -1.188 0.000 -0.611 0.015
-0.015 -0.577 0.000 -1.187 0.000 -0.610 0.015
-0.015 -0.578 0.000 -1.190 0.000 -0.611 0.015
-0.015 -0.582 0.000 -1.197 0.000 -0.615 0.015
-0.015 -0.586 0.000 -1.205 0.000 -0.619 0.015
-0.015 -0.588 0.000 -1.211 0.000 -0.622 0.015
-0.015 -0.589 0.000 -1.212 0.000 -0.623 0.015
-0.015 -0.588 0.000 -1.209 0.000 -0.621 0.015
-0.015 -0.584 0.000 -1.202 0.000 -0.618 0.015
-0.015 -0.580 0.000 -1.194 0.000 -0.614 0.015
-0.015 -0.578 0.000 -1.188 0.000 -0.611 0.015
-0.015 -0.577 0.000 -1.187 0.000 -0.610 0.015
-0.015 -0.578 0.000 -1.190 0.000 -0.611 0.015
-0.015 -0.582 0.000 -1.197 0.000 -0.615 0.015
-0.015 -0.586 0.000 -1.205 0.000 -0.619 0.015
-0.015 -0.588 0.000 -1.211 0.000 -0.622 0.015
-0.015 -0.589 0.000 -1.212 0.000 -0.623 0.015
-0.015 -0.588 0.000 -1.209 0.000 -0.621 0.015
-0.015 -0.584 0.000 -1.202 0.000 -0.618 0.015
-0.015 -0.580 0.000 -1.194 0.000 -0.613 0.015
-0.015 -0.578 0.000 -1.188 0.000 -0.611 0.015
-0.015 -0.577 0.000 -1.187 0.000 -0.610 0.015
-0.015 -0.578 0.000 -1.190 0.000 -0.612 0.015
-0.015 -0.582 0.000 -1.197 0.000 -0.615 0.015
-0.015 -0.586 0.000 -1.205 0.000 -0.619 0.015
-0.015 -0.588 0.000 -1.211 0.000 -0.622 0.015
-0.015 -0.589 0.000 -1.212 0.000 -0.623 0.015
-0.015 -0.588 0.000 -1.209 0.000 -0.621 0.015
-0.015 -0.584 0.000 -1.201 0.000 -0.617 0.015
-0.015 -0.580 0.000 -1.194 0.000 -0.613 0.015
-0.015 -0.578 0.000 -1.188 0.000 -0.610 0.015
-0.015 -0.577 0.000 -1.187 0.000 -0.610 0.015
-0.015 -0.579 0.000 -1.190 0.000 -0.612 0.015
-0.015 -0.582 0.000 -1.198 0.000 -0.615 0.015
-0.015 -0.586 0.000 -1.205 0.000 -0.619 0.015
-0.015 -0.589 0.000 -1.211 0.000 -0.622 0.015
-0.015 -0.589 0.000 -1.212 0.000 -0.623 0.015
-0.015 -0.587 0.000 -1.209 0.000 -0.621 0.015
-0.015 -0.584 0.000 -1.201 0.000 -0.617 0.015
-0.015 -0.580 0.000 -1.193 0.000 -0.613 0.015
-0.015 -0.578 0.000 -1.188 0.000 -0.610 0.015
-0.015 -0.577 0.000 -1.187 0.000 -0.610 0.015
-0.015 -0.579 0.000 -1.190 0.000 -0.612 0.015
-0.015 -0.582 0.000 -1.198 0.000 -0.616 0.015
-0.015 -0.586 0.000 -1.206 0.000 -0.620 0.015
-0.015 -0.589 0.000 -1.211 0.000 -0.622 0.015
-0.015 -0.589 0.000 -1.212 0.000 -0.623 0.015
-0.015 -0.587 0.000 -1.208 0.000 -0.621 0.015
-0.015 -0.584 0.000 -1.201 0.000 -0.617 0.015
-0.015 -0.580 0.000 -1.193 0.000 -0.613 0.015
-0.015 -0.577 0.000 -1.188 0.000 -0.610 0.015
-0.015 -0.577 0.000 -1.187 0.000 -0.610 0.015
-0.015 -0.579 0.000 -1.191 0.000 -0.612 0.015
-0.015 -0.582 0.000 -1.198 0.000 -0.616 0.015
-0.015 -0.586 0.000 -1.206 0.000 -0.620 0.015
-0.015 -0.589 0.000 -1.211 0.000 -0.622 0.015
-0.015 -0.589 0.000 -1.212 0.000 -0.623 0.015
-0.015 -0.587 0.000 -1.208 0.000 -0.621 0.015
-0.015 -0.584 0.000 -1.201 0.000 -0.617 0.015
-0.015 -0.580 0.000 -1.193 0.000 -0.613 0.015
-0.015 -0.577 0.000 -1.188 0.000 -0.610 0.015
-0.015 -0.577 0.000 -1.187 0.000 -0.610 0.015
-0.015 -0.579 0.000 -1.191 0.000 -0.612 0.015
-0.015 -0.582 0.000 -1.198 0.000 -0.616 0.015
-0.015 -0.586 0.000 -1.206 0.000 -0.620 0.015
-0.015 -0.589 0.000 -1.211 0.000 -0.622 0.015
-0.015 -0.589 0.000 -1.212 0.000 -0.623 0.015
-0.015 -0.587 0.000 -1.208 0.000 -0.621 0.015
-0.015 -0.584 0.000 -1.201 0.000 -0.617 0.015
-0.015 -0.580 0.000 -1.193 0.000 -0.613 0.015
-0.015 -0.577 0.000 -1.188 0.000 -0.610 0.015
-0.015 -0.577 0.000 -1.187 0.000 -0.610 0.015
-0.015 -0.579 0.000 -1.191 0.000 -0.612 0.015
-0.015 -0.583 0.000 -1.198 0.000 -0.616 0.015
-0.015 -0.586 0.000 -1.206 0.000 -0.620 0.015
-0.015 -0.589 0.000 -1.211 0.000 -0.622 0.015
-0.015 -0.589 0.000 -1.212 0.000 -0.623 0.015
-0.015 -0.587 0.000 -1.208 0.000 -0.621 0.015
-0.015 -0.584 0.000 -1.200 0.000 -0.617 0.015
-0.015 -0.580 0.000 -1.193 0.000 -0.613 0.015
-0.015 -0.577 0.000 -1.188 0.000 -0.610 0.015
-0.015 -0.577 0.000 -1.187 0.000 -0.610 0.015
-0.015 -0.579 0.000 -1.191 0.000 -0.612 0.015
-0.015 -0.583 0.000 -1.199 0.000 -0.616 0.015
-0.015 -0.586 0.000 -1.206 0.000 -0.620 0.015
-0.015 -0.589 0.000 -1.211 0.000 -0.623 0.015
-0.015 -0.589 0.000 -1.212 0.000 -0.623 0.015
-0.015 -0.587 0.000 -1.208 0.000 -0.621 0.015
-0.015 -0.583 0.000 -1.200 0.000 -0.617 0.015
-0.015 -0.580 0.000 -1.193 0.000 -0.613 0.015
-0.015 -0.577 0.000 -1.188 0.000 -0.610 0.015
-0.015 -0.577 0.000 -1.187 0.000 -0.610 0.015
-0.015 -0.579 0.000 -1.191 0.000 -0.612 0.015
-0.015 -0.583 0.000 -1.199 0.000 -0.616 0.015
-0.015 -0.586 0.000 -1.206 0.000 -0.620 0.015
-0.015 -0.589 0.000 -1.211 0.000 -0.623 0.015
-0.015 -0.589 0.000 -1.211 0.000 -0.623 0.015
-0.015 -0.587 0.000 -1.208 0.000 -0.621 0.015
-0.015 -0.583 0.000 -1.200 0.000 -0.617 0.015
-0.015 -0.580 0.000 -1.192 0.000 -0.613 0.015
-0.015 -0.577 0.000 -1.187 0.000 -0.610 0.015
-0.015 -0.577 0.000 -1.187 0.000 -0.610 0.015
-0.015 -0.579 0.000 -1.191 0.000 -0.612 0.015
-0.015 -0.583 0.000 -1.199 0.000 -0.616 0.015
-0.015 -0.586 0.000 -1.207 0.000 -0.620 0.015
-0.015 -0.589 0.000 -1.211 0.000 -0.623 0.015
-0.015 -0.589 0.000 -1.211 0.000 -0.623 0.015
-0.015 -0.587 0.000 -1.207 0.000 -0.621 0.015
-0.015 -0.583 0.000 -1.200 0.000 -0.617 0.015
