-0.000 -0.615 0.000 -1.174 0.000 -0.559 0.000
-0.000 -0.615 0.000 -1.174 0.000 -0.559 0.000
-0.000 -0.615 0.000 -1.174 0.000 -0.559 0.000
-0.001 -0.615 0.001 -1.174 0.001 -0.559 -0.001
-0.005 -0.615 0.005 -1.174 0.005 -0.560 -0.003
-0.006 -0.615 0.006 -1.174 0.007 -0.560 -0.005
-0.008 -0.615 0.008 -1.174 0.008 -0.560 -0.006
-0.009 -0.615 0.009 -1.174 0.010 -0.560 -0.007
-0.011 -0.614 0.011 -1.174 0.012 -0.560 -0.008
-0.013 -0.614 0.012 -1.174 0.013 -0.560 -0.009
-0.014 -0.614 0.014 -1.174 0.015 -0.560 -0.010
-0.016 -0.614 0.016 -1.174 0.017 -0.560 -0.011
-0.017 -0.614 0.017 -1.174 0.019 -0.561 -0.012
-0.019 -0.614 0.019 -1.174 0.020 -0.561 -0.014
-0.020 -0.613 0.020 -1.174 0.022 -0.561 -0.015
-0.022 -0.613 0.022 -1.174 0.023 -0.561 -0.016
-0.023 -0.613 0.023 -1.174 0.025 -0.562 -0.017
-0.025 -0.613 0.025 -1.174 0.027 -0.562 -0.018
-0.026 -0.612 0.026 -1.174 0.028 -0.562 -0.019
-0.028 -0.612 0.028 -1.174 0.030 -0.563 -0.020
-0.029 -0.612 0.029 -1.174 0.031 -0.563 -0.021
-0.031 -0.611 0.031 -1.174 0.033 -0.563 -0.022
-0.032 -0.611 0.032 -1.174 0.035 -0.564 -0.023
-0.034 -0.611 0.034 -1.174 0.036 -0.564 -0.024
-0.035 -0.610 0.035 -1.174 0.038 -0.565 -0.025
-0.036 -0.610 0.037 -1.174 0.039 -0.565 -0.027
-0.038 -0.609 0.038 -1.174 0.041 -0.566 -0.028
-0.039 -0.609 0.039 -1.174 0.042 -0.566 -0.029
-0.041 -0.609 0.041 -1.174 0.043 -0.567 -0.030
-0.042 -0.608 0.042 -1.174 0.045 -0.567 -0.031
-0.043 -0.608 0.043 -1.174 0.046 -0.568 -0.032
-0.044 -0.607 0.045 -1.174 0.048 -0.568 -0.032
-0.046 -0.607 0.046 -1.174 0.049 -0.569 -0.033
-0.047 -0.606 0.047 -1.174 0.050 -0.569 -0.034
-0.048 -0.606 0.049 -1.174 0.051 -0.570 -0.035
-0.049 -0.605 0.050 -1.174 0.053 -0.571 -0.036
-0.051 -0.604 0.051 -1.174 0.054 -0.571 -0.037
-0.052 -0.604 0.053 -1.174 0.055 -0.572 -0.038
-0.053 -0.603 0.054 -1.174 0.056 -0.572 -0.039
-0.054 -0.603 0.055 -1.174 0.057 -0.573 -0.040
-0.055 -0.602 0.056 -1.174 0.059 -0.574 -0.040
-0.056 -0.601 0.057 -1.174 0.060 -0.575 -0.041
-0.057 -0.601 0.058 -1.174 0.061 -0.575 -0.042
-0.058 -0.600 0.060 -1.174 0.062 -0.576 -0.043
-0.059 -0.599 0.061 -1.174 0.063 -0.577 -0.044
-0.060 -0.599 0.062 -1.174 0.064 -0.577 -0.044
-0.061 -0.598 0.063 -1.174 0.065 -0.578 -0.045
-0.062 -0.597 0.064 -1.174 0.066 -0.579 -0.046
-0.063 -0.597 0.065 -1.174 0.067 -0.580 -0.046
-0.064 -0.596 0.066 -1.174 0.067 -0.581 -0.047
-0.065 -0.595 0.067 -1.174 0.068 -0.581 -0.048
-0.065 -0.594 0.068 -1.174 0.069 -0.582 -0.048
-0.066 -0.593 0.069 -1.174 0.070 -0.583 -0.049
-0.067 -0.593 0.069 -1.174 0.070 -0.584 -0.050
-0.068 -0.592 0.070 -1.174 0.071 -0.585 -0.050
-0.068 -0.591 0.071 -1.174 0.072 -0.586 -0.051
-0.069 -0.590 0.072 -1.174 0.072 -0.586 -0.051
-0.070 -0.589 0.073 -1.174 0.073 -0.587 -0.052
-0.070 -0.589 0.073 -1.174 0.074 -0.588 -0.052
-0.071 -0.588 0.074 -1.174 0.074 -0.589 -0.053
-0.071 -0.587 0.075 -1.174 0.074 -0.590 -0.053
-0.072 -0.586 0.075 -1.174 0.075 -0.591 -0.053
-0.072 -0.585 0.076 -1.174 0.075 -0.592 -0.054
-0.073 -0.584 0.077 -1.174 0.076 -0.593 -0.054
-0.073 -0.583 0.077 -1.174 0.076 -0.594 -0.054
-0.074 -0.583 0.078 -1.174 0.076 -0.594 -0.055
-0.074 -0.582 0.078 -1.174 0.077 -0.595 -0.055
-0.074 -0.581 0.079 -1.174 0.077 -0.596 -0.055
-0.075 -0.580 0.079 -1.174 0.077 -0.597 -0.055
-0.075 -0.579 0.079 -1.174 0.077 -0.598 -0.056
-0.075 -0.578 0.080 -1.174 0.077 -0.599 -0.056
-0.075 -0.577 0.080 -1.174 0.077 -0.600 -0.056
-0.075 -0.576 0.080 -1.174 0.077 -0.601 -0.056
-0.076 -0.575 0.081 -1.174 0.078 -0.602 -0.056
-0.076 -0.574 0.081 -1.174 0.077 -0.603 -0.056
-0.076 -0.574 0.081 -1.174 0.077 -0.604 -0.056
-0.076 -0.573 0.081 -1.174 0.077 -0.605 -0.056
-0.076 -0.572 0.081 -1.174 0.077 -0.606 -0.056
-0.076 -0.571 0.081 -1.174 0.077 -0.606 -0.056
-0.076 -0.570 0.081 -1.174 0.077 -0.607 -0.056
-0.076 -0.569 0.081 -1.174 0.077 -0.608 -0.056
-0.076 -0.568 0.081 -1.174 0.076 -0.609 -0.056
-0.076 -0.567 0.081 -1.174 0.076 -0.610 -0.055
-0.076 -0.566 0.081 -1.174 0.076 -0.611 -0.055
-0.075 -0.565 0.081 -1.174 0.076 -0.612 -0.055
-0.075 -0.564 0.081 -1.174 0.075 -0.613 -0.055
-0.075 -0.563 0.081 -1.174 0.075 -0.614 -0.054
-0.075 -0.562 0.080 -1.174 0.074 -0.615 -0.054
-0.075 -0.562 0.080 -1.174 0.074 -0.615 -0.054
-0.074 -0.561 0.080 -1.174 0.073 -0.616 -0.053
-0.074 -0.560 0.079 -1.174 0.073 -0.617 -0.053
-0.074 -0.559 0.079 -1.174 0.072 -0.618 -0.052
-0.073 -0.558 0.079 -1.174 0.072 -0.619 -0.052
-0.073 -0.557 0.078 -1.174 0.071 -0.620 -0.051
-0.072 -0.556 0.078 -1.174 0.070 -0.621 -0.051
-0.072 -0.555 0.077 -1.174 0.070 -0.621 -0.050
-0.071 -0.554 0.076 -1.174 0.069 -0.622 -0.050
-0.071 -0.554 0.076 -1.174 0.068 -0.623 -0.049
-0.070 -0.553 0.075 -1.174 0.067 -0.624 -0.048
-0.070 -0.552 0.074 -1.174 0.067 -0.625 -0.048
-0.069 -0.551 0.074 -1.174 0.066 -0.626 -0.047
-0.069 -0.550 0.073 -1.174 0.065 -0.626 -0.046
-0.068 -0.549 0.072 -1.174 0.064 -0.627 -0.045
-0.068 -0.549 0.071 -1.174 0.063 -0.628 -0.045
-0.067 -0.548 0.070 -1.174 0.062 -0.629 -0.044
-0.066 -0.547 0.070 -1.174 0.061 -0.629 -0.043
-0.066 -0.546 0.069 -1.174 0.060 -0.630 -0.042
-0.065 -0.545 0.068 -1.174 0.059 -0.631 -0.041
-0.064 -0.545 0.067 -1.174 0.058 -0.631 -0.040
-0.063 -0.544 0.066 -1.174 0.057 -0.632 -0.039
-0.063 -0.543 0.065 -1.174 0.056 -0.633 -0.038
-0.062 -0.542 0.063 -1.174 0.055 -0.633 -0.037
-0.061 -0.542 0.062 -1.174 0.054 -0.634 -0.036
-0.060 -0.541 0.061 -1.174 0.053 -0.635 -0.035
-0.059 -0.540 0.060 -1.174 0.052 -0.635 -0.034
-0.058 -0.540 0.059 -1.174 0.051 -0.636 -0.033
-0.058 -0.539 0.057 -1.174 0.050 -0.637 -0.032
-0.057 -0.538 0.056 -1.174 0.048 -0.637 -0.030
-0.056 -0.538 0.055 -1.174 0.047 -0.638 -0.029
-0.055 -0.537 0.054 -1.174 0.046 -0.638 -0.028
-0.054 -0.537 0.052 -1.174 0.045 -0.639 -0.027
-0.053 -0.536 0.051 -1.174 0.043 -0.639 -0.026
-0.052 -0.535 0.049 -1.174 0.042 -0.640 -0.024
-0.051 -0.535 0.048 -1.174 0.041 -0.640 -0.023
-0.050 -0.534 0.047 -1.174 0.040 -0.641 -0.022
-0.049 -0.534 0.045 -1.174 0.038 -0.641 -0.020
-0.048 -0.533 0.044 -1.174 0.037 -0.642 -0.019
-0.047 -0.533 0.042 -1.174 0.036 -0.642 -0.018
-0.046 -0.532 0.040 -1.174 0.034 -0.643 -0.016
-0.045 -0.532 0.039 -1.174 0.033 -0.643 -0.015
-0.044 -0.532 0.037 -1.174 0.032 -0.643 -0.013
-0.043 -0.531 0.036 -1.174 0.030 -0.644 -0.012
-0.042 -0.531 0.034 -1.174 0.029 -0.644 -0.011
-0.041 -0.530 0.032 -1.174 0.027 -0.644 -0.009
-0.040 -0.530 0.031 -1.174 0.026 -0.645 -0.008
-0.039 -0.530 0.029 -1.174 0.024 -0.645 -0.006
-0.037 -0.529 0.027 -1.174 0.023 -0.645 -0.005
-0.036 -0.529 0.026 -1.174 0.022 -0.645 -0.003
-0.035 -0.529 0.024 -1.174 0.020 -0.646 -0.002
-0.034 -0.529 0.022 -1.174 0.019 -0.646 -0.000
-0.033 -0.528 0.021 -1.174 0.017 -0.646 0.002
-0.032 -0.528 0.019 -1.174 0.016 -0.646 0.003
-0.031 -0.528 0.017 -1.174 0.014 -0.647 0.005
-0.030 -0.528 0.015 -1.174 0.013 -0.647 0.006
-0.028 -0.528 0.014 -1.174 0.011 -0.647 0.008
-0.027 -0.527 0.012 -1.174 0.010 -0.647 0.009
-0.026 -0.527 0.010 -1.174 0.008 -0.647 0.011
-0.025 -0.527 0.008 -1.174 0.007 -0.647 0.013
-0.024 -0.527 0.006 -1.174 0.005 -0.647 0.014
-0.023 -0.527 0.005 -1.174 0.004 -0.647 0.016
-0.022 -0.527 0.003 -1.174 0.002 -0.647 0.017
-0.020 -0.527 0.001 -1.174 0.001 -0.647 0.019
-0.019 -0.527 -0.001 -1.174 -0.001 -0.647 0.021
-0.018 -0.527 -0.003 -1.174 -0.002 -0.647 0.022
-0.017 -0.527 -0.004 -1.174 -0.004 -0.647 0.024
-0.016 -0.527 -0.006 -1.174 -0.005 -0.647 0.025
-0.015 -0.527 -0.008 -1.174 -0.007 -0.647 0.027
-0.014 -0.527 -0.010 -1.174 -0.008 -0.647 0.029
-0.012 -0.527 -0.012 -1.174 -0.010 -0.647 0.030
-0.011 -0.528 -0.013 -1.174 -0.011 -0.647 0.032
-0.010 -0.528 -0.015 -1.174 -0.013 -0.647 0.033
-0.009 -0.528 -0.017 -1.174 -0.014 -0.647 0.035
-0.008 -0.528 -0.019 -1.174 -0.016 -0.646 0.036
-0.007 -0.528 -0.020 -1.174 -0.017 -0.646 0.038
-0.006 -0.529 -0.022 -1.174 -0.019 -0.646 0.040
-0.004 -0.529 -0.024 -1.174 -0.020 -0.646 0.041
-0.003 -0.529 -0.026 -1.174 -0.021 -0.645 0.043
-0.002 -0.529 -0.027 -1.174 -0.023 -0.645 0.044
-0.001 -0.530 -0.029 -1.174 -0.024 -0.645 0.046
-0.000 -0.530 -0.031 -1.174 -0.026 -0.645 0.047
0.001 -0.530 -0.032 -1.174 -0.027 -0.644 0.049
0.002 -0.531 -0.034 -1.174 -0.029 -0.644 0.050
0.003 -0.531 -0.036 -1.174 -0.030 -0.644 0.052
0.004 -0.532 -0.037 -1.174 -0.031 -0.643 0.053
0.005 -0.532 -0.039 -1.174 -0.033 -0.643 0.054
0.006 -0.532 -0.040 -1.174 -0.034 -0.643 0.056
0.007 -0.533 -0.042 -1.174 -0.036 -0.642 0.057
0.008 -0.533 -0.043 -1.174 -0.037 -0.642 0.059
0.009 -0.534 -0.045 -1.174 -0.038 -0.641 0.060
0.010 -0.534 -0.046 -1.174 -0.040 -0.641 0.061
0.011 -0.535 -0.048 -1.174 -0.041 -0.640 0.063
0.012 -0.535 -0.049 -1.174 -0.042 -0.640 0.064
0.013 -0.536 -0.051 -1.174 -0.043 -0.639 0.065
0.014 -0.537 -0.052 -1.174 -0.045 -0.639 0.066
0.015 -0.537 -0.053 -1.174 -0.046 -0.638 0.068
0.016 -0.538 -0.055 -1.174 -0.047 -0.638 0.069
0.017 -0.538 -0.056 -1.174 -0.048 -0.637 0.070
0.018 -0.539 -0.057 -1.174 -0.050 -0.637 0.071
0.019 -0.540 -0.059 -1.174 -0.051 -0.636 0.072
0.020 -0.540 -0.060 -1.174 -0.052 -0.635 0.074
0.020 -0.541 -0.061 -1.174 -0.053 -0.635 0.075
0.021 -0.542 -0.062 -1.174 -0.054 -0.634 0.076
0.022 -0.542 -0.063 -1.174 -0.055 -0.634 0.077
0.023 -0.543 -0.064 -1.174 -0.056 -0.633 0.078
0.024 -0.544 -0.065 -1.174 -0.057 -0.632 0.079
0.024 -0.545 -0.067 -1.174 -0.058 -0.631 0.080
0.025 -0.545 -0.068 -1.174 -0.059 -0.631 0.081
0.026 -0.546 -0.069 -1.174 -0.060 -0.630 0.082
0.026 -0.547 -0.069 -1.174 -0.061 -0.629 0.083
0.027 -0.548 -0.070 -1.174 -0.062 -0.629 0.083
0.028 -0.548 -0.071 -1.174 -0.063 -0.628 0.084
0.028 -0.549 -0.072 -1.174 -0.064 -0.627 0.085
0.029 -0.550 -0.073 -1.174 -0.065 -0.626 0.086
0.030 -0.551 -0.074 -1.174 -0.066 -0.626 0.087
0.030 -0.552 -0.074 -1.174 -0.067 -0.625 0.087
0.031 -0.553 -0.075 -1.174 -0.067 -0.624 0.088
0.031 -0.553 -0.076 -1.174 -0.068 -0.623 0.089
0.032 -0.554 -0.076 -1.174 -0.069 -0.622 0.089
0.032 -0.555 -0.077 -1.174 -0.070 -0.622 0.090
0.033 -0.556 -0.077 -1.174 -0.070 -0.621 0.090
0.033 -0.557 -0.078 -1.174 -0.071 -0.620 0.091
0.033 -0.558 -0.078 -1.174 -0.072 -0.619 0.092
0.034 -0.559 -0.079 -1.174 -0.072 -0.618 0.092
0.034 -0.560 -0.079 -1.174 -0.073 -0.617 0.092
0.034 -0.561 -0.080 -1.174 -0.073 -0.616 0.093
0.035 -0.561 -0.080 -1.174 -0.074 -0.616 0.093
0.035 -0.562 -0.080 -1.174 -0.074 -0.615 0.094
0.035 -0.563 -0.081 -1.174 -0.075 -0.614 0.094
0.035 -0.564 -0.081 -1.174 -0.075 -0.613 0.094
0.036 -0.565 -0.081 -1.174 -0.075 -0.612 0.095
0.036 -0.566 -0.081 -1.174 -0.076 -0.611 0.095
0.036 -0.567 -0.081 -1.174 -0.076 -0.610 0.095
0.036 -0.568 -0.081 -1.174 -0.076 -0.609 0.095
0.036 -0.569 -0.081 -1.174 -0.077 -0.608 0.095
0.036 -0.570 -0.081 -1.174 -0.077 -0.607 0.096
0.036 -0.571 -0.081 -1.174 -0.077 -0.607 0.096
0.036 -0.572 -0.081 -1.174 -0.077 -0.606 0.096
0.036 -0.573 -0.081 -1.174 -0.077 -0.605 0.096
0.036 -0.573 -0.081 -1.174 -0.077 -0.604 0.096
0.036 -0.574 -0.081 -1.174 -0.078 -0.603 0.096
0.036 -0.575 -0.081 -1.174 -0.078 -0.602 0.096
0.036 -0.576 -0.080 -1.174 -0.077 -0.601 0.096
0.036 -0.577 -0.080 -1.174 -0.077 -0.600 0.096
0.035 -0.578 -0.080 -1.174 -0.077 -0.599 0.095
0.035 -0.579 -0.079 -1.174 -0.077 -0.598 0.095
0.035 -0.580 -0.079 -1.174 -0.077 -0.597 0.095
0.035 -0.581 -0.079 -1.174 -0.077 -0.596 0.095
0.034 -0.582 -0.078 -1.174 -0.077 -0.595 0.095
0.034 -0.583 -0.078 -1.174 -0.076 -0.595 0.094
0.033 -0.583 -0.077 -1.174 -0.076 -0.594 0.094
0.033 -0.584 -0.077 -1.174 -0.076 -0.593 0.094
0.033 -0.585 -0.076 -1.174 -0.075 -0.592 0.094
0.032 -0.586 -0.076 -1.174 -0.075 -0.591 0.093
0.032 -0.587 -0.075 -1.174 -0.075 -0.590 0.093
0.031 -0.588 -0.074 -1.174 -0.074 -0.589 0.092
0.030 -0.589 -0.074 -1.174 -0.074 -0.588 0.092
0.030 -0.589 -0.073 -1.174 -0.073 -0.587 0.091
0.029 -0.590 -0.072 -1.174 -0.072 -0.586 0.091
0.029 -0.591 -0.071 -1.174 -0.072 -0.586 0.090
0.028 -0.592 -0.070 -1.174 -0.071 -0.585 0.090
0.027 -0.593 -0.070 -1.174 -0.070 -0.584 0.089
0.026 -0.593 -0.069 -1.174 -0.070 -0.583 0.089
0.026 -0.594 -0.068 -1.174 -0.069 -0.582 0.088
0.025 -0.595 -0.067 -1.174 -0.068 -0.581 0.088
0.024 -0.596 -0.066 -1.174 -0.067 -0.581 0.087
0.023 -0.596 -0.065 -1.174 -0.067 -0.580 0.086
0.022 -0.597 -0.064 -1.174 -0.066 -0.579 0.086
0.021 -0.598 -0.063 -1.174 -0.065 -0.578 0.085
0.021 -0.599 -0.062 -1.174 -0.064 -0.578 0.084
0.020 -0.599 -0.061 -1.174 -0.063 -0.577 0.083
0.019 -0.600 -0.060 -1.174 -0.062 -0.576 0.083
0.018 -0.601 -0.059 -1.174 -0.061 -0.575 0.082
0.017 -0.601 -0.057 -1.174 -0.060 -0.575 0.081
0.015 -0.602 -0.056 -1.174 -0.059 -0.574 0.080
0.014 -0.603 -0.055 -1.174 -0.058 -0.573 0.079
0.013 -0.603 -0.054 -1.174 -0.056 -0.573 0.079
0.012 -0.604 -0.053 -1.174 -0.055 -0.572 0.078
0.011 -0.604 -0.051 -1.174 -0.054 -0.571 0.077
0.010 -0.605 -0.050 -1.174 -0.053 -0.571 0.076
0.009 -0.606 -0.049 -1.174 -0.052 -0.570 0.075
0.007 -0.606 -0.048 -1.174 -0.050 -0.569 0.074
0.006 -0.607 -0.046 -1.174 -0.049 -0.569 0.073
0.005 -0.607 -0.045 -1.174 -0.048 -0.568 0.072
0.004 -0.608 -0.044 -1.174 -0.046 -0.568 0.071
0.002 -0.608 -0.042 -1.174 -0.045 -0.567 0.070
0.001 -0.609 -0.041 -1.174 -0.044 -0.567 0.069
-0.000 -0.609 -0.039 -1.174 -0.042 -0.566 0.068
-0.002 -0.609 -0.038 -1.174 -0.041 -0.566 0.067
-0.003 -0.610 -0.037 -1.174 -0.039 -0.565 0.066
-0.004 -0.610 -0.035 -1.174 -0.038 -0.565 0.065
-0.006 -0.611 -0.034 -1.174 -0.036 -0.564 0.064
-0.007 -0.611 -0.032 -1.174 -0.035 -0.564 0.063
-0.009 -0.611 -0.031 -1.174 -0.033 -0.563 0.062
-0.010 -0.612 -0.029 -1.174 -0.032 -0.563 0.061
-0.012 -0.612 -0.028 -1.174 -0.030 -0.563 0.060
-0.013 -0.612 -0.026 -1.174 -0.028 -0.562 0.059
-0.015 -0.613 -0.025 -1.174 -0.027 -0.562 0.058
-0.016 -0.613 -0.023 -1.174 -0.025 -0.562 0.057
-0.018 -0.613 -0.022 -1.174 -0.024 -0.561 0.056
-0.019 -0.613 -0.020 -1.174 -0.022 -0.561 0.054
-0.021 -0.614 -0.019 -1.174 -0.020 -0.561 0.053
-0.022 -0.614 -0.017 -1.174 -0.019 -0.561 0.052
-0.024 -0.614 -0.016 -1.174 -0.017 -0.560 0.051
-0.025 -0.614 -0.014 -1.174 -0.015 -0.560 0.050
-0.027 -0.614 -0.013 -1.174 -0.014 -0.560 0.049
-0.029 -0.614 -0.011 -1.174 -0.012 -0.560 0.048
-0.030 -0.615 -0.009 -1.174 -0.010 -0.560 0.047
-0.032 -0.615 -0.008 -1.174 -0.009 -0.560 0.045
-0.033 -0.615 -0.006 -1.174 -0.007 -0.560 0.044
-0.035 -0.615 -0.005 -1.174 -0.005 -0.560 0.043
