0.421 0.720 0.255 0.893 -0.014 -1.225 -0.456
0.421 0.720 0.255 0.893 -0.014 -1.225 -0.456
0.422 0.725 0.254 0.902 -0.014 -1.214 -0.456
0.423 0.733 0.252 0.917 -0.015 -1.198 -0.455
0.425 0.739 0.251 0.929 -0.015 -1.184 -0.454
0.425 0.745 0.249 0.941 -0.015 -1.170 -0.454
0.426 0.751 0.248 0.953 -0.016 -1.157 -0.453
0.427 0.757 0.247 0.965 -0.016 -1.143 -0.452
0.428 0.763 0.246 0.977 -0.017 -1.129 -0.452
0.429 0.769 0.245 0.988 -0.017 -1.116 -0.451
0.429 0.775 0.243 1.000 -0.017 -1.102 -0.450
0.430 0.780 0.242 1.011 -0.018 -1.089 -0.449
0.430 0.786 0.241 1.022 -0.018 -1.076 -0.449
0.431 0.791 0.240 1.033 -0.019 -1.062 -0.448
0.431 0.797 0.239 1.044 -0.019 -1.049 -0.447
0.431 0.802 0.238 1.055 -0.019 -1.036 -0.446
0.432 0.807 0.237 1.066 -0.020 -1.022 -0.445
0.432 0.813 0.236 1.076 -0.020 -1.009 -0.445
0.432 0.818 0.235 1.087 -0.020 -0.996 -0.444
0.432 0.823 0.235 1.097 -0.021 -0.982 -0.443
0.432 0.828 0.234 1.108 -0.021 -0.969 -0.442
0.432 0.833 0.233 1.118 -0.022 -0.956 -0.441
0.432 0.838 0.232 1.128 -0.022 -0.943 -0.440
0.432 0.843 0.231 1.138 -0.022 -0.930 -0.439
0.432 0.847 0.231 1.148 -0.023 -0.917 -0.438
0.432 0.852 0.230 1.158 -0.023 -0.904 -0.437
0.432 0.857 0.229 1.168 -0.023 -0.890 -0.436
0.432 0.861 0.229 1.178 -0.024 -0.877 -0.435
0.431 0.866 0.228 1.187 -0.024 -0.864 -0.434
0.431 0.870 0.227 1.197 -0.024 -0.851 -0.433
0.430 0.875 0.227 1.207 -0.025 -0.838 -0.432
0.430 0.879 0.226 1.216 -0.025 -0.825 -0.431
0.430 0.883 0.226 1.225 -0.025 -0.812 -0.430
0.429 0.888 0.225 1.235 -0.026 -0.799 -0.429
0.428 0.892 0.224 1.244 -0.026 -0.786 -0.428
0.428 0.896 0.224 1.253 -0.026 -0.773 -0.426
0.427 0.900 0.223 1.262 -0.027 -0.760 -0.425
0.426 0.904 0.223 1.271 -0.027 -0.747 -0.424
0.426 0.908 0.222 1.280 -0.027 -0.734 -0.423
0.425 0.912 0.222 1.289 -0.027 -0.721 -0.422
0.424 0.916 0.221 1.298 -0.028 -0.708 -0.420
0.423 0.920 0.221 1.307 -0.028 -0.695 -0.419
0.422 0.923 0.221 1.315 -0.028 -0.682 -0.418
0.421 0.927 0.220 1.324 -0.028 -0.669 -0.417
0.420 0.931 0.220 1.333 -0.029 -0.657 -0.415
0.419 0.934 0.219 1.341 -0.029 -0.644 -0.414
0.417 0.938 0.219 1.350 -0.029 -0.631 -0.413
0.416 0.941 0.218 1.358 -0.029 -0.618 -0.411
0.415 0.944 0.218 1.366 -0.029 -0.605 -0.410
0.414 0.948 0.218 1.375 -0.029 -0.592 -0.408
0.412 0.951 0.217 1.383 -0.029 -0.579 -0.407
0.411 0.954 0.217 1.391 -0.030 -0.566 -0.406
0.409 0.957 0.217 1.399 -0.030 -0.553 -0.404
0.408 0.961 0.216 1.407 -0.030 -0.540 -0.403
0.406 0.964 0.216 1.415 -0.030 -0.527 -0.401
0.404 0.967 0.216 1.423 -0.030 -0.514 -0.400
0.403 0.970 0.215 1.430 -0.030 -0.501 -0.398
0.401 0.972 0.215 1.438 -0.030 -0.488 -0.397
0.399 0.975 0.215 1.446 -0.030 -0.475 -0.395
0.397 0.978 0.215 1.454 -0.030 -0.463 -0.394
0.395 0.981 0.214 1.461 -0.030 -0.450 -0.392
0.393 0.984 0.214 1.469 -0.030 -0.437 -0.390
0.391 0.986 0.214 1.476 -0.029 -0.424 -0.389
0.389 0.989 0.213 1.483 -0.029 -0.411 -0.387
0.387 0.991 0.213 1.491 -0.029 -0.398 -0.385
0.384 0.994 0.213 1.498 -0.029 -0.385 -0.384
0.382 0.996 0.213 1.505 -0.029 -0.372 -0.382
0.380 0.998 0.213 1.512 -0.028 -0.359 -0.380
0.377 1.001 0.212 1.519 -0.028 -0.346 -0.379
0.375 1.003 0.212 1.526 -0.028 -0.333 -0.377
0.372 1.005 0.212 1.533 -0.027 -0.320 -0.375
0.370 1.007 0.212 1.540 -0.027 -0.307 -0.374
0.367 1.009 0.212 1.547 -0.026 -0.294 -0.372
0.364 1.011 0.212 1.554 -0.026 -0.281 -0.370
0.361 1.013 0.211 1.561 -0.025 -0.268 -0.368
0.358 1.015 0.211 1.567 -0.025 -0.255 -0.366
0.355 1.017 0.211 1.574 -0.024 -0.242 -0.365
0.352 1.019 0.211 1.581 -0.024 -0.229 -0.363
0.349 1.021 0.211 1.587 -0.023 -0.216 -0.361
0.346 1.022 0.211 1.593 -0.022 -0.203 -0.359
0.343 1.024 0.211 1.600 -0.021 -0.190 -0.357
0.339 1.025 0.211 1.606 -0.020 -0.178 -0.356
0.336 1.027 0.211 1.612 -0.019 -0.165 -0.354
0.332 1.028 0.211 1.619 -0.018 -0.152 -0.352
0.329 1.030 0.211 1.625 -0.017 -0.139 -0.350
0.325 1.031 0.211 1.631 -0.016 -0.126 -0.348
0.322 1.033 0.211 1.637 -0.015 -0.113 -0.346
0.318 1.034 0.211 1.643 -0.014 -0.100 -0.345
0.314 1.035 0.211 1.648 -0.013 -0.087 -0.343
0.310 1.036 0.211 1.654 -0.011 -0.074 -0.341
0.306 1.037 0.211 1.660 -0.010 -0.061 -0.339
0.302 1.038 0.212 1.666 -0.009 -0.048 -0.337
0.298 1.039 0.212 1.671 -0.007 -0.035 -0.335
0.294 1.040 0.212 1.677 -0.006 -0.022 -0.334
0.290 1.041 0.212 1.682 -0.004 -0.009 -0.332
0.286 1.042 0.212 1.688 -0.002 0.004 -0.330
0.281 1.043 0.213 1.693 -0.000 0.017 -0.328
0.277 1.043 0.213 1.698 0.002 0.030 -0.326
0.272 1.044 0.213 1.704 0.003 0.043 -0.325
0.268 1.044 0.214 1.709 0.005 0.056 -0.323
0.263 1.045 0.214 1.714 0.008 0.069 -0.321
0.259 1.045 0.215 1.719 0.010 0.082 -0.319
0.254 1.046 0.215 1.724 0.012 0.094 -0.318
0.249 1.046 0.216 1.729 0.014 0.107 -0.316
0.244 1.047 0.216 1.734 0.017 0.120 -0.314
0.240 1.047 0.217 1.738 0.019 0.133 -0.313
0.235 1.047 0.217 1.743 0.022 0.146 -0.311
0.230 1.047 0.218 1.748 0.024 0.159 -0.309
0.225 1.047 0.219 1.752 0.027 0.171 -0.308
0.220 1.047 0.219 1.757 0.030 0.184 -0.306
0.215 1.047 0.220 1.761 0.033 0.197 -0.305
0.209 1.047 0.221 1.765 0.036 0.210 -0.303
0.204 1.047 0.222 1.770 0.039 0.223 -0.302
0.199 1.047 0.223 1.774 0.042 0.235 -0.300
0.194 1.047 0.223 1.778 0.045 0.248 -0.299
0.188 1.046 0.224 1.782 0.048 0.261 -0.297
0.183 1.046 0.225 1.786 0.051 0.273 -0.296
0.178 1.046 0.226 1.790 0.055 0.286 -0.295
0.172 1.045 0.228 1.794 0.058 0.299 -0.293
0.167 1.045 0.229 1.798 0.062 0.311 -0.292
0.161 1.044 0.230 1.801 0.066 0.324 -0.291
0.156 1.043 0.231 1.805 0.069 0.336 -0.290
0.150 1.043 0.233 1.808 0.073 0.349 -0.288
0.145 1.042 0.234 1.812 0.077 0.361 -0.287
0.139 1.041 0.235 1.815 0.081 0.374 -0.286
0.133 1.040 0.237 1.819 0.085 0.386 -0.285
0.128 1.040 0.238 1.822 0.089 0.399 -0.284
0.122 1.039 0.240 1.825 0.093 0.411 -0.283
0.116 1.038 0.241 1.828 0.097 0.424 -0.282
0.111 1.037 0.243 1.831 0.102 0.436 -0.281
0.105 1.036 0.245 1.834 0.106 0.448 -0.280
0.099 1.034 0.247 1.837 0.111 0.461 -0.279
0.094 1.033 0.248 1.840 0.115 0.473 -0.279
0.088 1.032 0.250 1.842 0.120 0.485 -0.278
0.082 1.031 0.252 1.845 0.124 0.497 -0.277
0.077 1.029 0.254 1.848 0.129 0.510 -0.276
0.071 1.028 0.256 1.850 0.134 0.522 -0.276
0.065 1.026 0.258 1.853 0.138 0.534 -0.275
0.060 1.025 0.261 1.855 0.143 0.546 -0.275
0.054 1.023 0.263 1.857 0.148 0.558 -0.274
0.048 1.022 0.265 1.859 0.153 0.570 -0.274
0.043 1.020 0.267 1.861 0.158 0.582 -0.273
0.037 1.018 0.270 1.863 0.163 0.594 -0.273
0.031 1.017 0.272 1.865 0.168 0.606 -0.272
0.026 1.015 0.275 1.867 0.173 0.618 -0.272
0.020 1.013 0.277 1.869 0.178 0.630 -0.272
0.014 1.011 0.280 1.871 0.183 0.641 -0.271
0.009 1.009 0.283 1.872 0.189 0.653 -0.271
0.003 1.007 0.285 1.874 0.194 0.665 -0.271
-0.002 1.005 0.288 1.875 0.199 0.677 -0.271
-0.008 1.003 0.291 1.876 0.204 0.688 -0.270
-0.013 1.001 0.294 1.878 0.210 0.700 -0.270
-0.019 0.999 0.297 1.879 0.215 0.712 -0.270
-0.024 0.996 0.300 1.880 0.220 0.723 -0.270
-0.030 0.994 0.303 1.881 0.226 0.735 -0.270
-0.035 0.992 0.306 1.882 0.231 0.746 -0.270
-0.041 0.990 0.309 1.883 0.237 0.758 -0.270
-0.046 0.987 0.312 1.883 0.242 0.769 -0.270
-0.051 0.985 0.315 1.884 0.247 0.781 -0.270
-0.057 0.982 0.319 1.885 0.253 0.792 -0.271
-0.062 0.980 0.322 1.885 0.258 0.803 -0.271
-0.068 0.977 0.325 1.886 0.264 0.815 -0.271
-0.073 0.975 0.329 1.886 0.269 0.826 -0.271
-0.078 0.972 0.332 1.886 0.275 0.837 -0.271
-0.083 0.969 0.335 1.886 0.280 0.849 -0.272
-0.089 0.966 0.339 1.887 0.286 0.860 -0.272
-0.094 0.964 0.343 1.887 0.291 0.871 -0.272
-0.099 0.961 0.346 1.887 0.296 0.882 -0.273
-0.104 0.958 0.350 1.886 0.302 0.893 -0.273
-0.109 0.955 0.353 1.886 0.307 0.904 -0.273
-0.114 0.952 0.357 1.886 0.313 0.915 -0.274
-0.120 0.949 0.361 1.885 0.318 0.926 -0.274
-0.125 0.946 0.365 1.885 0.323 0.937 -0.275
-0.130 0.943 0.369 1.884 0.329 0.948 -0.275
-0.135 0.940 0.372 1.884 0.334 0.959 -0.276
-0.140 0.937 0.376 1.883 0.339 0.970 -0.276
-0.145 0.934 0.380 1.882 0.345 0.980 -0.277
-0.149 0.931 0.384 1.881 0.350 0.990 -0.277
-0.155 0.927 0.389 1.880 0.356 1.003 -0.278
-0.167 0.920 0.398 1.877 0.369 1.030 -0.279
-0.171 0.917 0.401 1.876 0.373 1.037 -0.280
-0.171 0.917 0.401 1.876 0.373 1.037 -0.280
-0.173 0.916 0.403 1.876 0.374 1.041 -0.280
-0.179 0.911 0.408 1.874 0.381 1.055 -0.281
-0.184 0.908 0.413 1.872 0.386 1.065 -0.281
-0.189 0.904 0.417 1.871 0.391 1.076 -0.282
-0.194 0.901 0.421 1.869 0.396 1.086 -0.283
-0.199 0.898 0.425 1.867 0.401 1.097 -0.283
-0.204 0.894 0.430 1.866 0.406 1.107 -0.284
-0.208 0.891 0.434 1.864 0.411 1.117 -0.285
-0.213 0.887 0.438 1.862 0.416 1.127 -0.286
-0.218 0.884 0.443 1.860 0.421 1.138 -0.286
-0.223 0.880 0.447 1.858 0.426 1.148 -0.287
-0.227 0.876 0.451 1.855 0.430 1.158 -0.288
-0.232 0.873 0.456 1.853 0.435 1.168 -0.289
-0.237 0.869 0.460 1.851 0.440 1.178 -0.289
-0.242 0.865 0.464 1.848 0.444 1.188 -0.290
-0.246 0.862 0.469 1.846 0.449 1.198 -0.291
-0.251 0.858 0.473 1.843 0.454 1.208 -0.292
-0.256 0.854 0.478 1.840 0.458 1.218 -0.293
-0.261 0.851 0.482 1.838 0.463 1.228 -0.294
-0.265 0.847 0.487 1.835 0.467 1.238 -0.294
-0.270 0.843 0.491 1.832 0.471 1.247 -0.295
-0.275 0.839 0.496 1.829 0.476 1.257 -0.296
-0.279 0.835 0.501 1.826 0.480 1.267 -0.297
-0.284 0.832 0.505 1.823 0.484 1.276 -0.298
-0.289 0.828 0.510 1.819 0.488 1.286 -0.299
-0.293 0.824 0.514 1.816 0.493 1.295 -0.300
-0.298 0.820 0.519 1.813 0.497 1.305 -0.301
-0.303 0.816 0.524 1.809 0.501 1.314 -0.302
-0.307 0.812 0.528 1.806 0.505 1.324 -0.303
-0.312 0.808 0.533 1.802 0.509 1.333 -0.304
-0.317 0.804 0.538 1.798 0.513 1.342 -0.305
-0.322 0.801 0.543 1.795 0.516 1.351 -0.306
-0.326 0.797 0.547 1.791 0.520 1.361 -0.307
-0.331 0.793 0.552 1.787 0.524 1.370 -0.308
-0.336 0.789 0.557 1.783 0.528 1.379 -0.309
-0.340 0.785 0.562 1.779 0.531 1.388 -0.310
-0.345 0.781 0.566 1.775 0.535 1.397 -0.311
-0.350 0.777 0.571 1.771 0.538 1.406 -0.312
-0.355 0.773 0.576 1.766 0.542 1.415 -0.313
-0.359 0.769 0.581 1.762 0.545 1.424 -0.314
-0.364 0.765 0.586 1.758 0.549 1.433 -0.315
-0.369 0.761 0.591 1.753 0.552 1.441 -0.316
-0.374 0.757 0.596 1.749 0.555 1.450 -0.317
-0.378 0.753 0.601 1.744 0.558 1.459 -0.318
-0.383 0.749 0.605 1.739 0.562 1.467 -0.319
-0.388 0.745 0.610 1.735 0.565 1.476 -0.320
-0.393 0.741 0.615 1.730 0.568 1.484 -0.322
-0.398 0.737 0.620 1.725 0.571 1.493 -0.323
-0.403 0.733 0.625 1.720 0.574 1.501 -0.324
-0.408 0.729 0.630 1.715 0.577 1.510 -0.325
-0.413 0.725 0.635 1.710 0.579 1.518 -0.326
-0.417 0.721 0.640 1.705 0.582 1.526 -0.327
-0.422 0.717 0.646 1.700 0.585 1.535 -0.329
-0.427 0.713 0.651 1.694 0.588 1.543 -0.330
-0.432 0.708 0.656 1.689 0.590 1.551 -0.331
-0.437 0.704 0.661 1.684 0.593 1.559 -0.332
-0.442 0.700 0.666 1.678 0.595 1.567 -0.334
-0.447 0.696 0.671 1.673 0.598 1.575 -0.335
-0.453 0.692 0.676 1.667 0.600 1.583 -0.336
-0.458 0.688 0.682 1.661 0.603 1.591 -0.337
-0.463 0.684 0.687 1.656 0.605 1.599 -0.339
-0.468 0.680 0.692 1.650 0.607 1.606 -0.340
-0.473 0.676 0.698 1.644 0.609 1.614 -0.341
-0.478 0.672 0.703 1.638 0.612 1.622 -0.343
-0.484 0.668 0.708 1.632 0.614 1.629 -0.344
-0.489 0.664 0.714 1.626 0.616 1.637 -0.345
-0.494 0.660 0.719 1.620 0.618 1.644 -0.347
-0.500 0.656 0.724 1.614 0.620 1.652 -0.348
-0.505 0.652 0.730 1.608 0.622 1.659 -0.350
-0.510 0.648 0.735 1.601 0.623 1.667 -0.351
-0.516 0.644 0.741 1.595 0.625 1.674 -0.353
-0.521 0.640 0.747 1.588 0.627 1.681 -0.354
-0.527 0.636 0.752 1.582 0.629 1.688 -0.356
-0.533 0.632 0.758 1.575 0.630 1.696 -0.357
-0.538 0.629 0.764 1.569 0.632 1.703 -0.359
-0.544 0.625 0.769 1.562 0.633 1.710 -0.360
-0.550 0.621 0.775 1.556 0.635 1.717 -0.362
-0.555 0.617 0.781 1.549 0.636 1.724 -0.363
-0.561 0.613 0.787 1.542 0.638 1.730 -0.365
-0.567 0.609 0.793 1.535 0.639 1.737 -0.366
-0.573 0.605 0.798 1.528 0.640 1.744 -0.368
-0.579 0.601 0.804 1.521 0.642 1.751 -0.370
-0.585 0.597 0.810 1.514 0.643 1.757 -0.371
-0.591 0.594 0.817 1.507 0.644 1.764 -0.373
-0.597 0.590 0.823 1.500 0.645 1.771 -0.374
-0.604 0.586 0.829 1.492 0.646 1.777 -0.376
-0.610 0.582 0.835 1.485 0.647 1.783 -0.378
-0.616 0.578 0.841 1.478 0.648 1.790 -0.380
-0.623 0.575 0.848 1.470 0.649 1.796 -0.381
-0.629 0.571 0.854 1.463 0.650 1.802 -0.383
-0.636 0.567 0.860 1.455 0.651 1.809 -0.385
-0.642 0.564 0.867 1.448 0.652 1.815 -0.386
-0.649 0.560 0.873 1.440 0.653 1.821 -0.388
-0.656 0.556 0.880 1.432 0.653 1.827 -0.390
-0.663 0.553 0.887 1.424 0.654 1.833 -0.392
-0.670 0.549 0.893 1.417 0.655 1.839 -0.394
-0.677 0.545 0.900 1.409 0.655 1.845 -0.395
-0.684 0.542 0.907 1.401 0.656 1.850 -0.397
-0.691 0.538 0.914 1.393 0.657 1.856 -0.399
-0.699 0.535 0.921 1.385 0.657 1.862 -0.401
-0.706 0.531 0.928 1.376 0.658 1.867 -0.403
-0.714 0.528 0.935 1.368 0.658 1.873 -0.405
-0.721 0.524 0.942 1.360 0.659 1.878 -0.407
-0.729 0.521 0.950 1.352 0.659 1.884 -0.409
-0.737 0.518 0.957 1.343 0.660 1.889 -0.410
-0.745 0.514 0.965 1.335 0.660 1.894 -0.412
-0.753 0.511 0.972 1.326 0.660 1.900 -0.414
-0.761 0.508 0.980 1.317 0.661 1.905 -0.416
-0.769 0.505 0.987 1.309 0.661 1.910 -0.418
-0.778 0.501 0.995 1.300 0.662 1.915 -0.420
-0.786 0.498 1.003 1.291 0.662 1.920 -0.422
-0.795 0.495 1.011 1.282 0.662 1.925 -0.424
-0.804 0.492 1.019 1.273 0.663 1.929 -0.426
-0.813 0.489 1.027 1.264 0.663 1.934 -0.428
-0.822 0.486 1.035 1.255 0.664 1.939 -0.430
-0.831 0.483 1.043 1.246 0.664 1.943 -0.432
-0.841 0.481 1.052 1.237 0.665 1.948 -0.434
-0.850 0.478 1.060 1.228 0.665 1.952 -0.436
-0.860 0.475 1.068 1.218 0.666 1.956 -0.438
-0.870 0.473 1.077 1.209 0.666 1.961 -0.440
-0.880 0.470 1.086 1.199 0.667 1.965 -0.442
-0.890 0.467 1.094 1.190 0.667 1.969 -0.444
-0.901 0.465 1.103 1.180 0.668 1.973 -0.446
-0.911 0.463 1.112 1.170 0.669 1.977 -0.448
-0.922 0.460 1.121 1.160 0.670 1.981 -0.450
-0.933 0.458 1.130 1.150 0.670 1.984 -0.452
-0.944 0.456 1.139 1.140 0.671 1.988 -0.454
-0.955 0.454 1.148 1.130 0.672 1.991 -0.455
-0.966 0.452 1.157 1.120 0.674 1.995 -0.457
-0.978 0.450 1.166 1.110 0.675 1.998 -0.459
-0.990 0.448 1.176 1.100 0.676 2.001 -0.461
-1.002 0.446 1.185 1.089 0.677 2.005 -0.463
-1.014 0.445 1.194 1.079 0.679 2.008 -0.465
-1.026 0.443 1.204 1.068 0.681 2.011 -0.467
-1.038 0.442 1.213 1.057 0.682 2.014 -0.469
-1.051 0.441 1.222 1.046 0.684 2.016 -0.471
-1.064 0.439 1.232 1.036 0.686 2.019 -0.472
-1.077 0.438 1.241 1.024 0.688 2.021 -0.474
-1.090 0.437 1.251 1.013 0.690 2.024 -0.476
-1.103 0.436 1.260 1.002 0.693 2.026 -0.478
-1.117 0.435 1.270 0.991 0.695 2.028 -0.480
-1.130 0.434 1.279 0.979 0.698 2.031 -0.482
-1.144 0.434 1.288 0.968 0.701 2.033 -0.484
-1.158 0.433 1.298 0.956 0.703 2.035 -0.486
-1.172 0.433 1.307 0.944 0.707 2.036 -0.488
-1.187 0.432 1.316 0.932 0.710 2.038 -0.490
-1.201 0.432 1.326 0.920 0.713 2.040 -0.492
-1.216 0.432 1.335 0.908 0.717 2.041 -0.494
-1.231 0.432 1.344 0.895 0.720 2.042 -0.496
-1.246 0.432 1.353 0.883 0.724 2.044 -0.498
-1.261 0.432 1.363 0.870 0.728 2.045 -0.500
-1.276 0.432 1.372 0.857 0.732 2.046 -0.502
-1.292 0.432 1.381 0.844 0.737 2.047 -0.504
-1.307 0.433 1.390 0.831 0.741 2.048 -0.507
-1.323 0.433 1.399 0.817 0.746 2.048 -0.509
-1.339 0.434 1.408 0.804 0.750 2.049 -0.512
-1.355 0.434 1.416 0.790 0.755 2.050 -0.514
-1.372 0.435 1.425 0.776 0.760 2.050 -0.517
-1.388 0.436 1.434 0.761 0.766 2.050 -0.520
-1.405 0.436 1.443 0.747 0.771 2.050 -0.522
-1.422 0.437 1.451 0.732 0.776 2.050 -0.526
-1.440 0.438 1.460 0.717 0.782 2.050 -0.529
-1.457 0.439 1.468 0.702 0.788 2.050 -0.532
-1.475 0.440 1.477 0.686 0.794 2.050 -0.535
-1.493 0.442 1.486 0.670 0.800 2.049 -0.539
-1.511 0.443 1.494 0.654 0.807 2.049 -0.543
-1.530 0.444 1.503 0.637 0.813 2.048 -0.547
-1.549 0.446 1.511 0.620 0.820 2.047 -0.551
-1.569 0.447 1.520 0.603 0.827 2.046 -0.556
-1.589 0.449 1.528 0.585 0.834 2.045 -0.561
-1.609 0.450 1.537 0.566 0.841 2.043 -0.566
-1.630 0.452 1.545 0.547 0.849 2.042 -0.571
-1.651 0.454 1.554 0.527 0.857 2.040 -0.577
-1.674 0.455 1.563 0.507 0.865 2.038 -0.583
-1.696 0.457 1.572 0.486 0.873 2.036 -0.590
-1.720 0.459 1.581 0.463 0.882 2.033 -0.597
-1.745 0.461 1.591 0.440 0.891 2.030 -0.605
-1.777 0.464 1.602 0.410 0.903 2.026 -0.615
