-0.214 0.725 0.350 0.689 -0.087 -1.435 0.231
-0.214 0.725 0.350 0.689 -0.087 -1.435 0.231
-0.213 0.729 0.349 0.697 -0.087 -1.427 0.232
-0.210 0.736 0.346 0.711 -0.088 -1.413 0.233
-0.207 0.747 0.343 0.732 -0.090 -1.392 0.235
-0.204 0.753 0.341 0.745 -0.091 -1.380 0.236
-0.203 0.758 0.339 0.753 -0.091 -1.371 0.236
-0.200 0.768 0.336 0.773 -0.093 -1.351 0.238
-0.197 0.776 0.334 0.789 -0.094 -1.334 0.240
-0.197 0.778 0.333 0.794 -0.094 -1.329 0.240
-0.194 0.788 0.330 0.812 -0.096 -1.310 0.242
-0.192 0.797 0.327 0.831 -0.097 -1.290 0.244
-0.191 0.800 0.327 0.835 -0.097 -1.286 0.244
-0.189 0.807 0.325 0.850 -0.098 -1.270 0.246
-0.187 0.816 0.322 0.868 -0.100 -1.250 0.248
-0.186 0.820 0.321 0.876 -0.100 -1.241 0.249
-0.185 0.825 0.320 0.886 -0.101 -1.230 0.250
-0.183 0.834 0.317 0.904 -0.102 -1.211 0.252
-0.182 0.840 0.316 0.915 -0.103 -1.197 0.253
-0.182 0.843 0.315 0.921 -0.104 -1.191 0.254
-0.180 0.852 0.313 0.938 -0.105 -1.172 0.256
-0.179 0.859 0.311 0.953 -0.106 -1.154 0.258
-0.179 0.861 0.310 0.956 -0.107 -1.151 0.258
-0.178 0.869 0.309 0.971 -0.108 -1.133 0.260
-0.177 0.877 0.307 0.987 -0.109 -1.114 0.262
-0.177 0.879 0.306 0.992 -0.110 -1.108 0.263
-0.176 0.885 0.305 1.003 -0.111 -1.095 0.265
-0.176 0.893 0.303 1.019 -0.112 -1.076 0.267
-0.175 0.897 0.302 1.027 -0.113 -1.066 0.268
-0.175 0.900 0.301 1.035 -0.113 -1.057 0.269
-0.175 0.908 0.299 1.050 -0.114 -1.038 0.272
-0.175 0.914 0.298 1.062 -0.116 -1.023 0.274
-0.174 0.916 0.297 1.065 -0.116 -1.019 0.274
-0.174 0.923 0.295 1.080 -0.117 -1.000 0.277
-0.174 0.930 0.294 1.094 -0.118 -0.983 0.279
-0.174 0.931 0.293 1.097 -0.119 -0.979 0.279
-0.175 0.937 0.292 1.109 -0.120 -0.963 0.282
-0.175 0.944 0.290 1.124 -0.121 -0.944 0.284
-0.175 0.947 0.290 1.129 -0.121 -0.937 0.285
-0.175 0.951 0.289 1.138 -0.122 -0.926 0.287
-0.176 0.958 0.287 1.152 -0.123 -0.907 0.289
-0.176 0.962 0.286 1.161 -0.124 -0.895 0.291
-0.176 0.964 0.286 1.166 -0.125 -0.889 0.292
-0.177 0.971 0.284 1.179 -0.126 -0.870 0.295
-0.178 0.977 0.283 1.191 -0.127 -0.854 0.297
-0.178 0.978 0.282 1.194 -0.127 -0.850 0.298
-0.179 0.984 0.281 1.206 -0.128 -0.833 0.301
-0.180 0.990 0.279 1.220 -0.129 -0.815 0.304
-0.181 0.992 0.279 1.223 -0.130 -0.810 0.304
-0.182 0.996 0.278 1.233 -0.131 -0.796 0.307
-0.183 1.002 0.276 1.246 -0.132 -0.778 0.310
-0.184 1.005 0.276 1.252 -0.132 -0.769 0.311
-0.185 1.008 0.275 1.259 -0.133 -0.759 0.313
-0.187 1.014 0.273 1.271 -0.134 -0.741 0.316
-0.188 1.018 0.272 1.280 -0.135 -0.727 0.318
-0.189 1.020 0.272 1.284 -0.135 -0.723 0.319
-0.191 1.025 0.270 1.296 -0.136 -0.704 0.322
-0.193 1.030 0.269 1.307 -0.137 -0.687 0.325
-0.193 1.031 0.268 1.310 -0.137 -0.684 0.326
-0.195 1.036 0.267 1.320 -0.138 -0.668 0.329
-0.198 1.041 0.266 1.332 -0.139 -0.649 0.332
-0.198 1.043 0.265 1.337 -0.139 -0.643 0.333
-0.200 1.047 0.264 1.344 -0.140 -0.631 0.336
-0.203 1.052 0.262 1.356 -0.140 -0.613 0.339
-0.205 1.055 0.262 1.363 -0.141 -0.602 0.341
-0.206 1.057 0.261 1.368 -0.141 -0.594 0.343
-0.209 1.061 0.259 1.379 -0.142 -0.576 0.346
-0.212 1.065 0.258 1.389 -0.142 -0.561 0.349
-0.212 1.067 0.258 1.391 -0.142 -0.557 0.350
-0.216 1.071 0.256 1.402 -0.143 -0.539 0.353
-0.219 1.076 0.255 1.412 -0.144 -0.521 0.357
-0.220 1.077 0.254 1.415 -0.144 -0.517 0.358
-0.223 1.080 0.253 1.424 -0.144 -0.503 0.361
-0.227 1.085 0.251 1.435 -0.144 -0.484 0.365
-0.229 1.086 0.250 1.439 -0.144 -0.476 0.367
-0.231 1.089 0.250 1.445 -0.145 -0.466 0.369
-0.235 1.093 0.248 1.456 -0.145 -0.447 0.373
-0.239 1.096 0.247 1.463 -0.145 -0.435 0.375
-0.240 1.097 0.246 1.466 -0.145 -0.429 0.377
-0.245 1.101 0.244 1.477 -0.145 -0.411 0.381
-0.249 1.105 0.243 1.486 -0.145 -0.394 0.384
-0.250 1.106 0.243 1.488 -0.145 -0.390 0.385
-0.254 1.109 0.241 1.497 -0.145 -0.374 0.389
-0.260 1.113 0.239 1.507 -0.144 -0.356 0.393
-0.261 1.114 0.239 1.510 -0.144 -0.350 0.394
-0.265 1.116 0.238 1.517 -0.144 -0.337 0.397
-0.271 1.120 0.236 1.527 -0.143 -0.319 0.401
-0.274 1.122 0.235 1.532 -0.143 -0.309 0.403
-0.276 1.123 0.234 1.536 -0.143 -0.300 0.405
-0.282 1.127 0.232 1.546 -0.142 -0.282 0.409
-0.287 1.129 0.231 1.553 -0.141 -0.267 0.413
-0.289 1.130 0.230 1.555 -0.141 -0.263 0.414
-0.295 1.133 0.229 1.564 -0.140 -0.245 0.418
-0.301 1.136 0.227 1.573 -0.138 -0.228 0.422
-0.303 1.137 0.226 1.575 -0.138 -0.223 0.423
-0.308 1.139 0.225 1.582 -0.137 -0.208 0.426
-0.315 1.142 0.223 1.591 -0.135 -0.190 0.431
-0.318 1.143 0.222 1.595 -0.134 -0.182 0.432
-0.323 1.145 0.221 1.600 -0.133 -0.172 0.435
-0.330 1.147 0.220 1.609 -0.131 -0.153 0.439
-0.335 1.149 0.218 1.614 -0.130 -0.141 0.442
-0.337 1.150 0.218 1.617 -0.129 -0.135 0.443
-0.345 1.152 0.216 1.625 -0.127 -0.117 0.448
-0.352 1.154 0.214 1.633 -0.125 -0.101 0.451
-0.354 1.155 0.214 1.634 -0.124 -0.097 0.452
-0.361 1.157 0.212 1.642 -0.121 -0.080 0.456
-0.370 1.159 0.211 1.650 -0.119 -0.062 0.460
-0.372 1.160 0.210 1.652 -0.118 -0.057 0.461
-0.378 1.161 0.209 1.658 -0.115 -0.043 0.464
-0.387 1.163 0.207 1.665 -0.112 -0.025 0.468
-0.391 1.164 0.207 1.669 -0.110 -0.016 0.471
-0.396 1.165 0.206 1.673 -0.108 -0.007 0.473
-0.405 1.167 0.204 1.680 -0.104 0.011 0.477
-0.412 1.168 0.203 1.686 -0.101 0.025 0.479
-0.414 1.168 0.203 1.688 -0.100 0.030 0.480
-0.423 1.170 0.201 1.695 -0.096 0.047 0.484
-0.432 1.171 0.200 1.701 -0.092 0.064 0.488
-0.434 1.171 0.199 1.703 -0.091 0.068 0.489
-0.442 1.172 0.198 1.709 -0.086 0.083 0.492
-0.452 1.173 0.197 1.716 -0.081 0.101 0.496
-0.456 1.174 0.196 1.718 -0.079 0.108 0.497
-0.462 1.175 0.196 1.722 -0.076 0.119 0.499
-0.472 1.175 0.195 1.729 -0.070 0.137 0.503
-0.478 1.176 0.194 1.733 -0.067 0.148 0.505
-0.482 1.176 0.193 1.735 -0.065 0.154 0.506
-0.493 1.177 0.192 1.741 -0.059 0.172 0.510
-0.501 1.178 0.192 1.746 -0.053 0.187 0.512
-0.503 1.178 0.191 1.748 -0.052 0.190 0.513
-0.513 1.178 0.191 1.753 -0.046 0.207 0.516
-0.524 1.179 0.190 1.759 -0.039 0.224 0.519
-0.526 1.179 0.190 1.760 -0.037 0.228 0.520
-0.534 1.179 0.189 1.765 -0.032 0.242 0.522
-0.545 1.179 0.189 1.770 -0.025 0.259 0.525
-0.550 1.179 0.189 1.773 -0.021 0.267 0.526
-0.556 1.179 0.188 1.776 -0.017 0.276 0.528
-0.567 1.179 0.188 1.781 -0.010 0.293 0.531
-0.574 1.179 0.188 1.784 -0.004 0.305 0.532
-0.578 1.179 0.188 1.786 -0.002 0.310 0.533
-0.588 1.179 0.188 1.791 0.007 0.326 0.536
-0.598 1.179 0.188 1.795 0.014 0.341 0.538
-0.601 1.178 0.188 1.796 0.016 0.345 0.538
-0.610 1.178 0.188 1.800 0.023 0.359 0.540
-0.621 1.178 0.188 1.805 0.032 0.376 0.543
-0.625 1.177 0.189 1.806 0.035 0.381 0.543
-0.632 1.177 0.189 1.809 0.041 0.392 0.545
-0.643 1.176 0.189 1.813 0.050 0.408 0.547
-0.650 1.176 0.190 1.815 0.056 0.417 0.548
-0.654 1.175 0.190 1.817 0.060 0.424 0.549
-0.665 1.175 0.191 1.821 0.069 0.440 0.550
-0.674 1.174 0.192 1.824 0.077 0.453 0.552
-0.677 1.173 0.192 1.825 0.079 0.457 0.552
-0.687 1.172 0.193 1.828 0.089 0.472 0.554
-0.698 1.171 0.194 1.831 0.098 0.487 0.555
-0.700 1.171 0.194 1.832 0.100 0.490 0.555
-0.709 1.170 0.196 1.835 0.109 0.503 0.557
-0.720 1.169 0.197 1.838 0.119 0.518 0.558
-0.725 1.168 0.198 1.839 0.123 0.524 0.558
-0.731 1.167 0.199 1.840 0.129 0.533 0.559
-0.742 1.166 0.200 1.843 0.140 0.548 0.560
-0.749 1.165 0.202 1.845 0.147 0.558 0.561
-0.752 1.164 0.202 1.846 0.151 0.563 0.561
-0.763 1.162 0.204 1.848 0.162 0.578 0.562
-0.773 1.161 0.206 1.850 0.171 0.591 0.563
-0.775 1.161 0.207 1.851 0.174 0.594 0.563
-0.785 1.159 0.209 1.852 0.184 0.607 0.564
-0.795 1.157 0.211 1.854 0.195 0.622 0.564
-0.798 1.156 0.212 1.855 0.198 0.626 0.564
-0.806 1.155 0.214 1.856 0.206 0.636 0.565
-0.816 1.153 0.216 1.858 0.218 0.650 0.565
-0.822 1.152 0.218 1.858 0.224 0.657 0.565
-0.827 1.151 0.219 1.859 0.229 0.664 0.566
-0.837 1.149 0.222 1.860 0.241 0.678 0.566
-0.845 1.147 0.224 1.861 0.250 0.689 0.566
-0.847 1.147 0.225 1.861 0.252 0.692 0.566
-0.857 1.144 0.228 1.862 0.264 0.706 0.566
-0.867 1.142 0.231 1.863 0.275 0.718 0.566
-0.869 1.142 0.232 1.863 0.278 0.721 0.566
-0.878 1.140 0.235 1.863 0.288 0.733 0.566
-0.887 1.137 0.238 1.864 0.299 0.746 0.566
-0.890 1.136 0.239 1.864 0.303 0.750 0.566
-0.906 1.132 0.245 1.864 0.322 0.771 0.565
-0.907 1.132 0.245 1.864 0.323 0.772 0.565
-0.913 1.130 0.248 1.864 0.331 0.781 0.565
-0.917 1.129 0.249 1.864 0.335 0.786 0.565
-0.927 1.127 0.253 1.864 0.347 0.798 0.564
-0.935 1.124 0.256 1.863 0.358 0.809 0.564
-0.937 1.124 0.257 1.863 0.360 0.812 0.564
-0.946 1.121 0.261 1.863 0.372 0.824 0.563
-0.955 1.118 0.265 1.862 0.383 0.837 0.562
-0.957 1.117 0.266 1.861 0.386 0.840 0.562
-0.964 1.115 0.269 1.861 0.396 0.849 0.561
-0.973 1.112 0.273 1.860 0.408 0.862 0.560
-0.978 1.111 0.275 1.859 0.413 0.868 0.560
-0.983 1.109 0.278 1.858 0.420 0.874 0.559
-0.992 1.106 0.282 1.857 0.432 0.887 0.558
-0.998 1.104 0.285 1.856 0.441 0.895 0.558
-1.001 1.103 0.287 1.855 0.444 0.899 0.557
-1.009 1.100 0.291 1.853 0.456 0.911 0.556
-1.017 1.097 0.295 1.852 0.467 0.922 0.555
-1.019 1.096 0.296 1.851 0.469 0.925 0.555
-1.027 1.093 0.300 1.849 0.480 0.935 0.553
-1.035 1.090 0.305 1.847 0.492 0.947 0.552
-1.038 1.089 0.307 1.846 0.496 0.951 0.552
-1.044 1.087 0.310 1.845 0.503 0.959 0.551
-1.052 1.083 0.315 1.842 0.515 0.971 0.549
-1.057 1.081 0.317 1.840 0.522 0.978 0.548
-1.061 1.080 0.319 1.839 0.527 0.983 0.547
-1.069 1.076 0.324 1.836 0.539 0.994 0.546
-1.076 1.073 0.328 1.834 0.548 1.004 0.544
-1.077 1.072 0.329 1.833 0.551 1.006 0.544
-1.085 1.069 0.334 1.830 0.562 1.018 0.542
-1.093 1.065 0.339 1.826 0.573 1.029 0.541
-1.095 1.065 0.340 1.826 0.575 1.031 0.540
-1.101 1.062 0.344 1.823 0.585 1.040 0.539
-1.109 1.058 0.349 1.819 0.596 1.052 0.537
-1.112 1.056 0.351 1.817 0.601 1.057 0.536
-1.117 1.054 0.354 1.815 0.607 1.063 0.535
-1.125 1.050 0.359 1.811 0.618 1.075 0.533
-1.130 1.048 0.363 1.808 0.626 1.082 0.532
-1.132 1.046 0.364 1.807 0.629 1.086 0.531
-1.140 1.043 0.370 1.802 0.640 1.097 0.529
-1.147 1.039 0.374 1.798 0.650 1.107 0.527
-1.148 1.038 0.375 1.798 0.652 1.109 0.527
-1.155 1.035 0.380 1.793 0.662 1.119 0.525
-1.162 1.031 0.385 1.788 0.672 1.130 0.523
-1.164 1.029 0.386 1.787 0.675 1.133 0.522
-1.170 1.027 0.390 1.783 0.683 1.141 0.520
-1.177 1.022 0.395 1.778 0.693 1.152 0.518
-1.181 1.020 0.398 1.775 0.699 1.158 0.517
-1.184 1.018 0.400 1.773 0.704 1.163 0.516
-1.192 1.014 0.406 1.768 0.714 1.174 0.514
-1.197 1.011 0.410 1.763 0.722 1.182 0.512
-1.199 1.010 0.411 1.762 0.724 1.185 0.511
-1.206 1.006 0.416 1.756 0.734 1.195 0.509
-1.213 1.002 0.421 1.751 0.743 1.205 0.507
-1.214 1.001 0.422 1.750 0.746 1.208 0.506
-1.220 0.997 0.426 1.744 0.754 1.217 0.504
-1.227 0.993 0.431 1.738 0.763 1.227 0.502
-1.230 0.991 0.433 1.736 0.767 1.231 0.501
-1.234 0.989 0.437 1.732 0.773 1.238 0.500
-1.241 0.984 0.442 1.726 0.782 1.248 0.497
-1.245 0.981 0.445 1.721 0.788 1.255 0.496
-1.248 0.980 0.447 1.719 0.792 1.259 0.495
-1.255 0.975 0.452 1.712 0.801 1.269 0.492
-1.260 0.972 0.456 1.706 0.809 1.278 0.490
-1.262 0.971 0.457 1.705 0.811 1.280 0.490
-1.268 0.966 0.462 1.699 0.819 1.290 0.487
-1.275 0.962 0.467 1.691 0.828 1.300 0.485
-1.277 0.961 0.469 1.690 0.830 1.302 0.484
-1.282 0.957 0.472 1.684 0.837 1.310 0.482
-1.289 0.953 0.477 1.677 0.845 1.320 0.480
-1.292 0.951 0.480 1.673 0.850 1.325 0.478
-1.295 0.948 0.482 1.669 0.854 1.330 0.477
-1.302 0.944 0.487 1.662 0.862 1.340 0.474
-1.307 0.940 0.491 1.656 0.869 1.348 0.472
-1.309 0.939 0.493 1.654 0.871 1.350 0.472
-1.316 0.934 0.498 1.646 0.879 1.360 0.469
-1.322 0.930 0.502 1.638 0.886 1.369 0.467
-1.323 0.929 0.503 1.637 0.888 1.371 0.466
-1.329 0.925 0.507 1.630 0.895 1.380 0.464
-1.336 0.920 0.512 1.621 0.903 1.390 0.461
-1.338 0.919 0.514 1.619 0.906 1.393 0.460
-1.342 0.916 0.517 1.613 0.911 1.399 0.458
-1.349 0.911 0.522 1.604 0.918 1.409 0.456
-1.353 0.908 0.525 1.599 0.923 1.415 0.454
-1.356 0.906 0.527 1.596 0.926 1.419 0.453
-1.363 0.901 0.532 1.587 0.933 1.428 0.450
-1.368 0.897 0.536 1.580 0.939 1.436 0.448
-1.370 0.896 0.537 1.578 0.941 1.438 0.447
-1.376 0.892 0.542 1.569 0.948 1.447 0.444
-1.382 0.887 0.546 1.560 0.955 1.456 0.442
-1.384 0.886 0.548 1.558 0.957 1.458 0.441
-1.389 0.882 0.551 1.551 0.962 1.466 0.439
-1.396 0.877 0.556 1.541 0.969 1.475 0.436
-1.399 0.875 0.558 1.537 0.972 1.479 0.434
-1.403 0.872 0.561 1.532 0.976 1.484 0.433
-1.410 0.868 0.566 1.522 0.983 1.493 0.430
-1.414 0.864 0.569 1.515 0.987 1.500 0.428
-1.417 0.863 0.571 1.512 0.989 1.503 0.427
-1.423 0.858 0.575 1.502 0.996 1.512 0.424
-1.429 0.853 0.580 1.493 1.001 1.520 0.421
-1.431 0.852 0.581 1.491 1.003 1.522 0.420
-1.437 0.848 0.585 1.482 1.008 1.530 0.418
-1.444 0.843 0.590 1.472 1.015 1.538 0.415
-1.446 0.841 0.591 1.469 1.016 1.541 0.414
-1.451 0.838 0.594 1.461 1.021 1.547 0.411
-1.458 0.833 0.599 1.451 1.027 1.556 0.408
-1.462 0.830 0.602 1.445 1.030 1.561 0.406
-1.465 0.828 0.604 1.440 1.033 1.565 0.405
-1.472 0.823 0.609 1.429 1.038 1.574 0.402
-1.477 0.819 0.612 1.421 1.043 1.580 0.399
-1.479 0.818 0.614 1.418 1.044 1.582 0.398
-1.486 0.813 0.618 1.407 1.050 1.591 0.395
-1.493 0.808 0.623 1.397 1.055 1.599 0.392
-1.494 0.807 0.624 1.394 1.056 1.601 0.391
-1.500 0.803 0.628 1.385 1.061 1.608 0.388
-1.508 0.797 0.632 1.374 1.066 1.616 0.385
-1.510 0.795 0.634 1.369 1.068 1.619 0.383
-1.515 0.792 0.637 1.362 1.071 1.624 0.381
-1.522 0.787 0.642 1.350 1.077 1.633 0.378
-1.527 0.784 0.645 1.343 1.080 1.638 0.375
-1.530 0.782 0.647 1.339 1.082 1.641 0.374
-1.537 0.777 0.652 1.327 1.087 1.649 0.370
-1.544 0.772 0.656 1.316 1.091 1.656 0.367
-1.545 0.771 0.657 1.314 1.092 1.658 0.366
-1.552 0.766 0.661 1.302 1.096 1.665 0.363
-1.560 0.761 0.666 1.290 1.101 1.673 0.359
-1.562 0.760 0.667 1.287 1.102 1.675 0.358
-1.568 0.756 0.671 1.278 1.106 1.681 0.355
-1.575 0.751 0.676 1.265 1.110 1.689 0.351
-1.579 0.748 0.678 1.259 1.112 1.693 0.349
-1.583 0.746 0.681 1.252 1.115 1.697 0.347
-1.591 0.740 0.686 1.239 1.119 1.705 0.343
-1.597 0.736 0.690 1.230 1.122 1.711 0.340
-1.599 0.735 0.691 1.226 1.123 1.713 0.339
-1.608 0.730 0.696 1.213 1.127 1.720 0.334
-1.615 0.725 0.701 1.201 1.131 1.727 0.330
-1.617 0.724 0.702 1.198 1.132 1.729 0.329
-1.624 0.719 0.706 1.186 1.136 1.735 0.326
-1.633 0.714 0.711 1.173 1.140 1.743 0.321
-1.636 0.712 0.713 1.168 1.141 1.745 0.320
-1.641 0.708 0.716 1.159 1.143 1.750 0.317
-1.650 0.703 0.722 1.145 1.147 1.758 0.312
-1.655 0.700 0.725 1.137 1.150 1.762 0.309
-1.659 0.697 0.727 1.131 1.151 1.765 0.307
-1.668 0.692 0.732 1.117 1.155 1.772 0.302
-1.676 0.687 0.737 1.105 1.158 1.778 0.298
-1.678 0.686 0.738 1.102 1.158 1.780 0.297
-1.686 0.681 0.743 1.088 1.162 1.786 0.292
-1.696 0.676 0.749 1.073 1.165 1.793 0.287
-1.698 0.674 0.750 1.069 1.166 1.795 0.286
-1.706 0.670 0.755 1.058 1.169 1.800 0.282
-1.715 0.664 0.760 1.042 1.172 1.807 0.277
-1.720 0.662 0.763 1.035 1.173 1.810 0.274
-1.725 0.659 0.766 1.027 1.175 1.814 0.271
-1.736 0.653 0.772 1.011 1.178 1.821 0.266
-1.743 0.649 0.777 1.000 1.180 1.825 0.262
-1.746 0.648 0.778 0.995 1.181 1.827 0.260
-1.757 0.642 0.784 0.979 1.184 1.834 0.254
-1.767 0.637 0.790 0.965 1.187 1.840 0.249
-1.769 0.636 0.791 0.961 1.188 1.841 0.248
-1.779 0.631 0.797 0.946 1.190 1.847 0.242
-1.790 0.625 0.804 0.930 1.193 1.853 0.236
-1.794 0.623 0.806 0.924 1.194 1.855 0.234
-1.802 0.619 0.810 0.912 1.196 1.859 0.229
-1.814 0.613 0.817 0.895 1.199 1.865 0.223
-1.821 0.610 0.821 0.885 1.201 1.869 0.219
-1.826 0.607 0.824 0.877 1.202 1.871 0.216
-1.839 0.601 0.831 0.859 1.205 1.877 0.209
-1.850 0.597 0.837 0.845 1.207 1.882 0.203
-1.853 0.595 0.839 0.840 1.208 1.883 0.202
-1.866 0.590 0.846 0.822 1.210 1.889 0.195
-1.879 0.584 0.854 0.804 1.213 1.894 0.187
-1.882 0.583 0.855 0.800 1.214 1.895 0.185
-1.894 0.578 0.862 0.783 1.216 1.900 0.179
-1.909 0.571 0.870 0.764 1.219 1.905 0.171
-1.916 0.569 0.874 0.755 1.220 1.907 0.167
-1.925 0.565 0.879 0.743 1.221 1.910 0.163
-1.941 0.559 0.887 0.722 1.224 1.915 0.154
-1.952 0.555 0.893 0.708 1.226 1.918 0.148
