-1.357 -1.014 0.104 -1.433 0.215 -0.430 1.106 2.525 -1.543 -9.311 1.317 1.129 0.759
-1.357 -1.014 0.104 -1.433 0.215 -0.430 1.106 2.420 -1.503 -7.779 1.315 1.121 0.752
-1.358 -1.014 0.105 -1.432 0.215 -0.430 1.106 2.320 -1.469 -4.359 1.309 1.112 0.736
-1.358 -1.010 0.105 -1.426 0.216 -0.428 1.106 2.221 -1.439 -3.110 1.301 1.101 0.715
-1.357 -1.005 0.104 -1.419 0.215 -0.426 1.106 2.123 -1.410 -1.902 1.291 1.089 0.689
-1.355 -1.000 0.103 -1.412 0.213 -0.424 1.106 2.026 -1.383 -0.760 1.278 1.075 0.661
-1.353 -0.994 0.101 -1.403 0.212 -0.422 1.106 1.928 -1.357 0.299 1.264 1.059 0.631
-1.350 -0.986 0.099 -1.394 0.209 -0.420 1.106 1.830 -1.331 1.256 1.247 1.043 0.600
-1.347 -0.980 0.098 -1.386 0.207 -0.418 1.106 1.733 -1.306 2.099 1.228 1.025 0.570
-1.343 -0.974 0.096 -1.377 0.204 -0.417 1.106 1.636 -1.281 2.816 1.207 1.006 0.542
-1.338 -0.967 0.093 -1.370 0.200 -0.416 1.107 1.539 -1.257 3.398 1.185 0.986 0.515
-1.333 -0.961 0.091 -1.362 0.197 -0.416 1.107 1.443 -1.233 3.837 1.162 0.966 0.490
-1.328 -0.956 0.088 -1.356 0.193 -0.415 1.108 1.348 -1.209 4.125 1.137 0.945 0.467
-1.322 -0.950 0.085 -1.350 0.189 -0.416 1.108 1.253 -1.186 4.254 1.111 0.923 0.447
-1.315 -0.946 0.082 -1.346 0.184 -0.417 1.109 1.160 -1.162 4.220 1.083 0.901 0.430
-1.308 -0.942 0.079 -1.343 0.179 -0.419 1.110 1.067 -1.139 4.021 1.055 0.879 0.415
-1.300 -0.938 0.076 -1.341 0.174 -0.421 1.111 0.975 -1.116 3.665 1.026 0.856 0.402
-1.293 -0.935 0.072 -1.340 0.168 -0.424 1.112 0.884 -1.092 3.205 0.996 0.833 0.390
-1.284 -0.933 0.069 -1.340 0.162 -0.428 1.113 0.794 -1.069 2.749 0.966 0.809 0.379
-1.274 -0.930 0.064 -1.341 0.155 -0.432 1.115 0.706 -1.045 2.367 0.935 0.786 0.369
-1.265 -0.928 0.060 -1.342 0.149 -0.437 1.116 0.619 -1.021 2.082 0.903 0.762 0.359
-1.256 -0.926 0.056 -1.344 0.142 -0.441 1.118 0.533 -0.997 1.891 0.872 0.738 0.349
-1.246 -0.925 0.051 -1.345 0.136 -0.446 1.120 0.449 -0.973 1.781 0.840 0.714 0.339
-1.236 -0.923 0.046 -1.347 0.129 -0.451 1.122 0.367 -0.948 1.730 0.808 0.690 0.328
-1.227 -0.921 0.042 -1.349 0.122 -0.457 1.124 0.286 -0.923 1.720 0.776 0.666 0.317
-1.217 -0.919 0.036 -1.351 0.116 -0.462 1.126 0.207 -0.898 1.734 0.743 0.642 0.306
-1.206 -0.917 0.031 -1.353 0.109 -0.468 1.128 0.129 -0.873 1.759 0.711 0.619 0.294
-1.196 -0.914 0.026 -1.354 0.102 -0.473 1.130 0.054 -0.848 1.787 0.679 0.595 0.282
-1.186 -0.912 0.021 -1.356 0.095 -0.479 1.132 -0.019 -0.822 1.815 0.648 0.572 0.269
-1.176 -0.910 0.015 -1.358 0.088 -0.485 1.135 -0.091 -0.796 1.838 0.617 0.549 0.256
-1.165 -0.907 0.009 -1.359 0.081 -0.491 1.137 -0.160 -0.770 1.858 0.586 0.526 0.243
-1.155 -0.905 0.003 -1.361 0.074 -0.497 1.140 -0.228 -0.744 1.874 0.555 0.504 0.230
-1.145 -0.902 -0.003 -1.362 0.067 -0.503 1.143 -0.293 -0.717 1.886 0.525 0.482 0.217
-1.134 -0.900 -0.009 -1.363 0.061 -0.510 1.146 -0.356 -0.691 1.897 0.495 0.461 0.204
-1.124 -0.897 -0.015 -1.365 0.054 -0.516 1.149 -0.417 -0.664 1.906 0.466 0.440 0.190
-1.114 -0.894 -0.021 -1.366 0.047 -0.522 1.152 -0.476 -0.636 1.914 0.438 0.419 0.177
-1.104 -0.892 -0.028 -1.367 0.041 -0.529 1.155 -0.532 -0.609 1.922 0.410 0.399 0.163
-1.094 -0.889 -0.034 -1.369 0.035 -0.536 1.158 -0.587 -0.581 1.929 0.383 0.380 0.150
-1.084 -0.886 -0.041 -1.370 0.028 -0.543 1.161 -0.638 -0.553 1.936 0.356 0.361 0.136
-1.074 -0.883 -0.047 -1.371 0.022 -0.549 1.165 -0.688 -0.525 1.943 0.331 0.342 0.123
-1.064 -0.879 -0.054 -1.372 0.016 -0.556 1.168 -0.735 -0.497 1.950 0.306 0.324 0.109
-1.055 -0.876 -0.061 -1.373 0.011 -0.563 1.172 -0.779 -0.469 1.957 0.281 0.307 0.096
-1.045 -0.873 -0.068 -1.374 0.005 -0.571 1.175 -0.821 -0.440 1.963 0.258 0.290 0.083
-1.036 -0.869 -0.074 -1.374 -0.000 -0.578 1.179 -0.861 -0.411 1.969 0.235 0.273 0.070
-1.027 -0.866 -0.081 -1.375 -0.006 -0.585 1.182 -0.898 -0.382 1.975 0.214 0.257 0.057
-1.019 -0.862 -0.087 -1.376 -0.010 -0.592 1.186 -0.932 -0.353 1.981 0.193 0.242 0.044
-1.009 -0.858 -0.095 -1.376 -0.015 -0.600 1.190 -0.964 -0.323 1.986 0.172 0.227 0.031
-1.001 -0.855 -0.101 -1.377 -0.019 -0.607 1.193 -0.994 -0.294 1.991 0.153 0.213 0.019
-0.992 -0.851 -0.109 -1.378 -0.024 -0.615 1.197 -1.021 -0.264 1.996 0.135 0.200 0.007
-0.984 -0.847 -0.115 -1.378 -0.027 -0.623 1.201 -1.045 -0.234 2.000 0.117 0.187 -0.005
-0.976 -0.843 -0.122 -1.378 -0.031 -0.630 1.204 -1.067 -0.204 2.004 0.101 0.174 -0.017
-0.968 -0.838 -0.128 -1.379 -0.034 -0.638 1.208 -1.087 -0.174 2.008 0.085 0.162 -0.028
-0.960 -0.834 -0.135 -1.379 -0.037 -0.646 1.212 -1.103 -0.144 2.012 0.070 0.150 -0.039
-0.953 -0.829 -0.142 -1.379 -0.040 -0.654 1.215 -1.118 -0.114 2.015 0.055 0.139 -0.050
-0.945 -0.825 -0.149 -1.379 -0.043 -0.662 1.219 -1.130 -0.084 2.018 0.042 0.129 -0.060
-0.938 -0.820 -0.156 -1.380 -0.045 -0.670 1.222 -1.139 -0.054 2.020 0.030 0.119 -0.070
-0.931 -0.815 -0.162 -1.380 -0.047 -0.678 1.226 -1.146 -0.023 2.022 0.018 0.109 -0.080
-0.924 -0.810 -0.169 -1.380 -0.049 -0.686 1.230 -1.150 0.007 2.024 0.007 0.100 -0.089
-0.917 -0.805 -0.175 -1.380 -0.051 -0.694 1.233 -1.153 0.037 2.026 -0.003 0.092 -0.098
-0.911 -0.800 -0.182 -1.380 -0.052 -0.703 1.236 -1.153 0.067 2.027 -0.013 0.083 -0.107
-0.904 -0.795 -0.188 -1.380 -0.053 -0.711 1.240 -1.150 0.098 2.028 -0.021 0.075 -0.115
-0.898 -0.789 -0.194 -1.379 -0.054 -0.719 1.243 -1.146 0.128 2.029 -0.029 0.068 -0.123
-0.892 -0.784 -0.200 -1.379 -0.054 -0.727 1.246 -1.140 0.158 2.029 -0.037 0.061 -0.130
-0.886 -0.778 -0.206 -1.379 -0.054 -0.736 1.249 -1.132 0.188 2.029 -0.043 0.054 -0.138
-0.881 -0.773 -0.212 -1.379 -0.054 -0.744 1.252 -1.123 0.217 2.028 -0.049 0.048 -0.144
-0.875 -0.767 -0.218 -1.378 -0.054 -0.752 1.255 -1.113 0.247 2.028 -0.054 0.042 -0.151
-0.870 -0.761 -0.224 -1.378 -0.053 -0.761 1.258 -1.103 0.276 2.027 -0.059 0.036 -0.157
-0.865 -0.755 -0.229 -1.377 -0.052 -0.769 1.261 -1.094 0.306 2.025 -0.063 0.030 -0.162
-0.860 -0.749 -0.235 -1.377 -0.051 -0.777 1.263 -1.088 0.335 2.023 -0.066 0.025 -0.167
-0.856 -0.744 -0.239 -1.376 -0.049 -0.785 1.265 -1.085 0.363 2.021 -0.069 0.020 -0.172
-0.850 -0.737 -0.245 -1.376 -0.047 -0.794 1.268 -1.087 0.392 2.019 -0.071 0.015 -0.176
-0.846 -0.731 -0.249 -1.375 -0.045 -0.801 1.270 -1.092 0.420 2.016 -0.073 0.011 -0.180
-0.841 -0.724 -0.255 -1.375 -0.043 -0.810 1.273 -1.100 0.448 2.013 -0.074 0.006 -0.184
-0.837 -0.718 -0.259 -1.374 -0.041 -0.817 1.274 -1.109 0.475 2.010 -0.075 0.002 -0.187
-0.833 -0.711 -0.264 -1.373 -0.038 -0.826 1.277 -1.117 0.502 2.006 -0.075 -0.002 -0.190
-0.829 -0.705 -0.268 -1.372 -0.035 -0.834 1.278 -1.125 0.529 2.002 -0.075 -0.006 -0.192
-0.825 -0.699 -0.272 -1.372 -0.032 -0.842 1.280 -1.132 0.555 1.998 -0.074 -0.009 -0.194
-0.822 -0.692 -0.275 -1.371 -0.029 -0.849 1.281 -1.138 0.580 1.993 -0.073 -0.013 -0.196
-0.818 -0.685 -0.279 -1.370 -0.025 -0.857 1.282 -1.142 0.605 1.989 -0.071 -0.016 -0.197
-0.815 -0.678 -0.283 -1.369 -0.021 -0.865 1.284 -1.144 0.630 1.983 -0.068 -0.019 -0.198
-0.811 -0.672 -0.286 -1.368 -0.017 -0.873 1.285 -1.145 0.654 1.978 -0.065 -0.022 -0.199
-0.808 -0.665 -0.289 -1.367 -0.013 -0.881 1.286 -1.144 0.677 1.972 -0.062 -0.025 -0.199
-0.805 -0.658 -0.292 -1.366 -0.009 -0.889 1.286 -1.142 0.700 1.966 -0.058 -0.028 -0.199
-0.802 -0.651 -0.294 -1.365 -0.004 -0.896 1.287 -1.138 0.722 1.960 -0.054 -0.031 -0.198
-0.799 -0.644 -0.297 -1.364 0.000 -0.904 1.287 -1.132 0.744 1.953 -0.049 -0.034 -0.197
-0.796 -0.637 -0.299 -1.363 0.005 -0.911 1.287 -1.124 0.764 1.946 -0.044 -0.037 -0.196
-0.794 -0.630 -0.300 -1.362 0.011 -0.919 1.287 -1.115 0.784 1.939 -0.039 -0.039 -0.194
-0.791 -0.623 -0.302 -1.361 0.016 -0.926 1.287 -1.105 0.803 1.931 -0.033 -0.042 -0.193
-0.789 -0.616 -0.303 -1.360 0.021 -0.934 1.287 -1.093 0.822 1.923 -0.027 -0.044 -0.190
-0.787 -0.609 -0.304 -1.359 0.027 -0.941 1.286 -1.079 0.839 1.915 -0.020 -0.047 -0.188
-0.785 -0.601 -0.304 -1.358 0.033 -0.948 1.285 -1.064 0.856 1.907 -0.013 -0.049 -0.185
-0.783 -0.594 -0.305 -1.357 0.038 -0.955 1.284 -1.048 0.872 1.899 -0.006 -0.052 -0.182
-0.781 -0.587 -0.305 -1.356 0.044 -0.963 1.283 -1.030 0.887 1.890 0.002 -0.054 -0.179
-0.779 -0.580 -0.304 -1.354 0.051 -0.970 1.281 -1.011 0.901 1.881 0.009 -0.057 -0.176
-0.777 -0.573 -0.303 -1.353 0.057 -0.977 1.280 -0.990 0.914 1.871 0.018 -0.060 -0.172
-0.775 -0.566 -0.302 -1.352 0.063 -0.984 1.278 -0.968 0.926 1.862 0.026 -0.062 -0.168
-0.774 -0.559 -0.301 -1.351 0.069 -0.991 1.275 -0.946 0.937 1.852 0.035 -0.065 -0.164
-0.772 -0.552 -0.299 -1.349 0.076 -0.998 1.273 -0.922 0.947 1.842 0.044 -0.067 -0.160
-0.771 -0.545 -0.297 -1.348 0.082 -1.004 1.270 -0.896 0.956 1.832 0.053 -0.070 -0.155
-0.770 -0.538 -0.295 -1.347 0.089 -1.011 1.268 -0.870 0.964 1.822 0.062 -0.073 -0.151
-0.768 -0.531 -0.293 -1.345 0.096 -1.018 1.264 -0.843 0.971 1.811 0.072 -0.075 -0.146
-0.767 -0.524 -0.290 -1.344 0.102 -1.025 1.261 -0.815 0.977 1.800 0.081 -0.078 -0.141
-0.766 -0.516 -0.285 -1.342 0.109 -1.032 1.257 -0.786 0.981 1.789 0.091 -0.081 -0.136
-0.765 -0.510 -0.282 -1.341 0.116 -1.038 1.253 -0.757 0.985 1.778 0.101 -0.084 -0.131
-0.764 -0.503 -0.278 -1.339 0.122 -1.045 1.249 -0.726 0.987 1.767 0.111 -0.087 -0.126
-0.763 -0.497 -0.274 -1.338 0.129 -1.051 1.245 -0.695 0.989 1.755 0.121 -0.090 -0.120
-0.762 -0.490 -0.269 -1.336 0.136 -1.058 1.240 -0.663 0.989 1.743 0.131 -0.094 -0.115
-0.761 -0.483 -0.264 -1.334 0.142 -1.065 1.235 -0.630 0.987 1.732 0.142 -0.097 -0.109
-0.760 -0.476 -0.258 -1.333 0.149 -1.071 1.230 -0.597 0.985 1.720 0.152 -0.100 -0.104
-0.759 -0.470 -0.253 -1.331 0.155 -1.078 1.225 -0.563 0.982 1.708 0.162 -0.104 -0.098
-0.758 -0.464 -0.247 -1.329 0.162 -1.084 1.219 -0.529 0.977 1.695 0.173 -0.107 -0.093
-0.757 -0.457 -0.241 -1.327 0.168 -1.091 1.214 -0.494 0.971 1.683 0.183 -0.111 -0.087
-0.756 -0.451 -0.235 -1.325 0.174 -1.097 1.208 -0.459 0.964 1.670 0.194 -0.114 -0.081
-0.754 -0.444 -0.229 -1.323 0.180 -1.103 1.202 -0.424 0.956 1.658 0.204 -0.118 -0.076
-0.753 -0.438 -0.222 -1.321 0.186 -1.110 1.196 -0.388 0.947 1.645 0.214 -0.122 -0.070
-0.752 -0.432 -0.215 -1.319 0.192 -1.116 1.190 -0.352 0.937 1.632 0.224 -0.126 -0.065
-0.751 -0.426 -0.208 -1.317 0.198 -1.122 1.183 -0.316 0.926 1.619 0.235 -0.130 -0.059
-0.749 -0.420 -0.201 -1.315 0.203 -1.129 1.177 -0.280 0.914 1.606 0.245 -0.134 -0.054
-0.748 -0.414 -0.193 -1.313 0.209 -1.135 1.170 -0.243 0.902 1.593 0.255 -0.138 -0.048
-0.747 -0.408 -0.186 -1.310 0.214 -1.141 1.163 -0.207 0.890 1.580 0.265 -0.142 -0.043
-0.745 -0.402 -0.178 -1.308 0.219 -1.148 1.156 -0.170 0.878 1.567 0.275 -0.147 -0.038
-0.744 -0.396 -0.170 -1.306 0.225 -1.154 1.149 -0.133 0.867 1.554 0.284 -0.151 -0.033
-0.742 -0.390 -0.162 -1.303 0.229 -1.160 1.142 -0.097 0.858 1.540 0.294 -0.155 -0.028
-0.741 -0.384 -0.154 -1.300 0.234 -1.166 1.135 -0.060 0.852 1.527 0.303 -0.160 -0.023
-0.739 -0.378 -0.145 -1.298 0.239 -1.172 1.128 -0.024 0.849 1.514 0.312 -0.164 -0.018
-0.737 -0.372 -0.137 -1.295 0.243 -1.179 1.120 0.012 0.851 1.500 0.321 -0.169 -0.013
-0.735 -0.366 -0.129 -1.292 0.247 -1.185 1.113 0.048 0.856 1.487 0.330 -0.174 -0.009
-0.733 -0.360 -0.120 -1.289 0.252 -1.191 1.105 0.084 0.863 1.474 0.339 -0.178 -0.004
-0.731 -0.355 -0.111 -1.286 0.255 -1.197 1.098 0.120 0.872 1.460 0.348 -0.183 -0.000
-0.729 -0.349 -0.102 -1.283 0.259 -1.203 1.090 0.155 0.883 1.447 0.356 -0.188 0.004
-0.727 -0.343 -0.093 -1.280 0.263 -1.209 1.082 0.190 0.893 1.434 0.364 -0.192 0.008
-0.725 -0.337 -0.083 -1.277 0.266 -1.215 1.074 0.225 0.904 1.420 0.372 -0.197 0.012
-0.723 -0.332 -0.075 -1.274 0.269 -1.221 1.067 0.259 0.913 1.407 0.380 -0.202 0.016
-0.720 -0.326 -0.065 -1.270 0.272 -1.227 1.058 0.293 0.923 1.394 0.387 -0.207 0.019
-0.718 -0.321 -0.057 -1.267 0.275 -1.232 1.051 0.326 0.931 1.381 0.394 -0.211 0.022
-0.716 -0.315 -0.046 -1.264 0.278 -1.238 1.042 0.359 0.938 1.368 0.401 -0.216 0.025
-0.713 -0.310 -0.038 -1.261 0.280 -1.244 1.035 0.391 0.944 1.355 0.408 -0.221 0.028
-0.710 -0.305 -0.027 -1.257 0.282 -1.250 1.026 0.423 0.949 1.342 0.414 -0.226 0.031
-0.708 -0.300 -0.019 -1.254 0.285 -1.255 1.019 0.455 0.953 1.329 0.421 -0.230 0.034
-0.705 -0.294 -0.008 -1.250 0.286 -1.261 1.010 0.485 0.955 1.316 0.427 -0.235 0.036
-0.702 -0.289 0.001 -1.246 0.288 -1.266 1.002 0.515 0.957 1.304 0.432 -0.240 0.038
-0.699 -0.285 0.010 -1.243 0.290 -1.271 0.995 0.545 0.957 1.291 0.438 -0.244 0.040
-0.696 -0.279 0.021 -1.240 0.291 -1.277 0.986 0.574 0.956 1.279 0.443 -0.249 0.042
-0.693 -0.275 0.031 -1.236 0.292 -1.282 0.977 0.602 0.953 1.266 0.448 -0.253 0.044
-0.690 -0.270 0.040 -1.232 0.293 -1.287 0.969 0.629 0.950 1.254 0.452 -0.258 0.045
-0.687 -0.265 0.050 -1.229 0.294 -1.293 0.961 0.656 0.945 1.242 0.457 -0.262 0.046
-0.684 -0.261 0.060 -1.225 0.295 -1.298 0.952 0.682 0.939 1.231 0.461 -0.266 0.047
-0.680 -0.256 0.070 -1.222 0.295 -1.303 0.944 0.707 0.932 1.219 0.464 -0.270 0.048
-0.677 -0.252 0.080 -1.219 0.295 -1.308 0.936 0.731 0.923 1.207 0.468 -0.274 0.048
-0.673 -0.248 0.090 -1.215 0.295 -1.313 0.927 0.754 0.914 1.196 0.471 -0.278 0.049
-0.670 -0.243 0.100 -1.212 0.295 -1.317 0.919 0.777 0.903 1.185 0.474 -0.282 0.049
-0.666 -0.239 0.111 -1.208 0.295 -1.322 0.911 0.798 0.891 1.174 0.477 -0.286 0.049
-0.663 -0.235 0.121 -1.205 0.295 -1.327 0.902 0.819 0.878 1.163 0.479 -0.289 0.048
-0.659 -0.232 0.131 -1.202 0.295 -1.331 0.894 0.839 0.864 1.153 0.481 -0.293 0.048
-0.655 -0.228 0.141 -1.199 0.294 -1.336 0.885 0.857 0.849 1.142 0.483 -0.296 0.047
-0.651 -0.224 0.151 -1.195 0.293 -1.340 0.877 0.875 0.833 1.132 0.485 -0.299 0.046
-0.647 -0.221 0.162 -1.192 0.292 -1.345 0.869 0.892 0.815 1.122 0.486 -0.302 0.045
-0.643 -0.217 0.172 -1.189 0.291 -1.349 0.860 0.907 0.797 1.113 0.487 -0.305 0.044
-0.639 -0.214 0.182 -1.186 0.290 -1.353 0.852 0.922 0.778 1.103 0.488 -0.308 0.042
-0.635 -0.211 0.193 -1.183 0.289 -1.358 0.843 0.935 0.758 1.094 0.488 -0.310 0.041
-0.631 -0.207 0.203 -1.180 0.287 -1.362 0.835 0.948 0.737 1.085 0.489 -0.313 0.039
-0.627 -0.204 0.214 -1.177 0.286 -1.366 0.827 0.959 0.715 1.077 0.489 -0.315 0.037
-0.623 -0.202 0.224 -1.174 0.284 -1.370 0.818 0.969 0.692 1.068 0.489 -0.317 0.035
-0.618 -0.199 0.234 -1.171 0.282 -1.373 0.810 0.978 0.668 1.060 0.488 -0.319 0.033
-0.614 -0.196 0.245 -1.169 0.280 -1.377 0.801 0.986 0.644 1.052 0.488 -0.320 0.030
-0.610 -0.193 0.255 -1.166 0.278 -1.381 0.793 0.992 0.619 1.045 0.487 -0.322 0.028
-0.605 -0.191 0.266 -1.163 0.276 -1.384 0.784 0.998 0.593 1.038 0.486 -0.323 0.025
-0.601 -0.188 0.277 -1.160 0.273 -1.388 0.775 1.002 0.566 1.031 0.485 -0.324 0.022
-0.596 -0.186 0.287 -1.158 0.272 -1.391 0.767 1.005 0.539 1.024 0.483 -0.325 0.019
-0.591 -0.183 0.299 -1.155 0.269 -1.395 0.758 1.007 0.511 1.018 0.482 -0.326 0.016
-0.587 -0.181 0.308 -1.153 0.267 -1.398 0.751 1.007 0.482 1.012 0.480 -0.326 0.013
-0.582 -0.179 0.320 -1.150 0.264 -1.401 0.742 1.007 0.453 1.006 0.478 -0.327 0.010
-0.578 -0.177 0.330 -1.148 0.262 -1.404 0.734 1.005 0.423 1.001 0.476 -0.327 0.007
-0.573 -0.175 0.341 -1.146 0.258 -1.408 0.725 1.001 0.393 0.995 0.474 -0.327 0.003
-0.568 -0.173 0.352 -1.143 0.255 -1.410 0.716 0.997 0.362 0.991 0.471 -0.327 -0.000
-0.563 -0.171 0.362 -1.141 0.253 -1.413 0.708 0.991 0.331 0.986 0.469 -0.326 -0.004
-0.559 -0.170 0.373 -1.139 0.250 -1.416 0.700 0.985 0.299 0.982 0.466 -0.325 -0.008
-0.554 -0.168 0.384 -1.137 0.247 -1.419 0.692 0.977 0.267 0.978 0.463 -0.325 -0.011
-0.549 -0.166 0.394 -1.135 0.244 -1.421 0.683 0.968 0.235 0.975 0.460 -0.324 -0.015
-0.544 -0.165 0.405 -1.133 0.240 -1.424 0.675 0.958 0.202 0.972 0.457 -0.323 -0.019
-0.539 -0.163 0.415 -1.131 0.237 -1.426 0.667 0.948 0.169 0.969 0.454 -0.321 -0.023
-0.534 -0.162 0.426 -1.129 0.234 -1.429 0.659 0.937 0.136 0.967 0.451 -0.320 -0.026
-0.529 -0.160 0.437 -1.127 0.231 -1.431 0.651 0.925 0.103 0.965 0.448 -0.318 -0.030
-0.524 -0.159 0.447 -1.125 0.228 -1.433 0.643 0.914 0.069 0.963 0.444 -0.316 -0.034
-0.520 -0.158 0.458 -1.123 0.224 -1.435 0.635 0.904 0.036 0.961 0.441 -0.314 -0.038
-0.515 -0.157 0.469 -1.121 0.221 -1.437 0.627 0.896 0.002 0.960 0.437 -0.312 -0.042
-0.509 -0.155 0.480 -1.118 0.217 -1.439 0.618 0.890 -0.032 0.960 0.434 -0.309 -0.045
-0.505 -0.154 0.490 -1.117 0.214 -1.441 0.611 0.888 -0.066 0.959 0.430 -0.307 -0.049
-0.500 -0.152 0.502 -1.115 0.210 -1.443 0.603 0.889 -0.099 0.960 0.426 -0.304 -0.053
-0.495 -0.152 0.512 -1.113 0.207 -1.445 0.595 0.894 -0.133 0.960 0.423 -0.301 -0.057
-0.490 -0.150 0.523 -1.111 0.203 -1.446 0.587 0.902 -0.167 0.961 0.419 -0.298 -0.060
-0.485 -0.149 0.534 -1.109 0.199 -1.448 0.579 0.911 -0.201 0.962 0.415 -0.295 -0.064
-0.480 -0.148 0.544 -1.107 0.195 -1.449 0.572 0.922 -0.234 0.963 0.411 -0.291 -0.067
-0.475 -0.147 0.555 -1.105 0.192 -1.451 0.564 0.933 -0.267 0.965 0.407 -0.288 -0.071
-0.470 -0.146 0.565 -1.104 0.188 -1.452 0.557 0.943 -0.300 0.967 0.404 -0.284 -0.074
-0.465 -0.145 0.576 -1.102 0.185 -1.453 0.549 0.953 -0.333 0.970 0.400 -0.281 -0.078
-0.460 -0.144 0.586 -1.100 0.181 -1.454 0.542 0.963 -0.365 0.973 0.396 -0.277 -0.081
-0.455 -0.143 0.597 -1.098 0.178 -1.455 0.535 0.971 -0.397 0.976 0.392 -0.273 -0.084
-0.450 -0.142 0.607 -1.097 0.174 -1.456 0.528 0.979 -0.429 0.979 0.388 -0.269 -0.087
-0.445 -0.142 0.617 -1.095 0.171 -1.457 0.521 0.985 -0.461 0.983 0.384 -0.264 -0.090
-0.440 -0.141 0.627 -1.094 0.167 -1.458 0.514 0.990 -0.491 0.987 0.380 -0.260 -0.092
-0.436 -0.141 0.637 -1.092 0.164 -1.458 0.508 0.994 -0.522 0.992 0.376 -0.255 -0.095
-0.431 -0.140 0.647 -1.091 0.161 -1.459 0.501 0.997 -0.552 0.997 0.372 -0.251 -0.098
-0.426 -0.140 0.657 -1.090 0.158 -1.459 0.495 0.998 -0.581 1.002 0.368 -0.246 -0.100
-0.421 -0.140 0.667 -1.088 0.155 -1.460 0.489 0.999 -0.610 1.007 0.365 -0.241 -0.102
-0.417 -0.140 0.676 -1.087 0.153 -1.460 0.483 0.998 -0.638 1.013 0.361 -0.237 -0.104
-0.412 -0.140 0.686 -1.086 0.150 -1.460 0.477 0.995 -0.666 1.019 0.357 -0.232 -0.106
-0.408 -0.140 0.695 -1.085 0.148 -1.460 0.472 0.992 -0.692 1.026 0.353 -0.227 -0.108
-0.403 -0.140 0.704 -1.084 0.145 -1.460 0.466 0.987 -0.719 1.033 0.349 -0.221 -0.110
-0.399 -0.141 0.712 -1.084 0.144 -1.460 0.461 0.981 -0.744 1.040 0.345 -0.216 -0.111
-0.395 -0.142 0.721 -1.083 0.142 -1.460 0.456 0.974 -0.769 1.047 0.341 -0.211 -0.113
-0.390 -0.143 0.729 -1.082 0.140 -1.460 0.452 0.965 -0.792 1.054 0.338 -0.206 -0.114
-0.386 -0.144 0.737 -1.082 0.139 -1.459 0.447 0.956 -0.815 1.062 0.334 -0.200 -0.115
-0.382 -0.145 0.745 -1.081 0.138 -1.459 0.443 0.945 -0.837 1.070 0.330 -0.195 -0.116
-0.378 -0.147 0.752 -1.081 0.138 -1.458 0.439 0.933 -0.859 1.079 0.326 -0.190 -0.116
-0.374 -0.148 0.760 -1.081 0.137 -1.458 0.435 0.920 -0.879 1.088 0.323 -0.184 -0.117
-0.370 -0.150 0.767 -1.081 0.137 -1.457 0.432 0.906 -0.898 1.096 0.319 -0.179 -0.117
-0.366 -0.153 0.773 -1.081 0.138 -1.456 0.429 0.890 -0.916 1.106 0.315 -0.173 -0.117
-0.362 -0.155 0.779 -1.081 0.139 -1.455 0.427 0.874 -0.933 1.115 0.312 -0.168 -0.117
-0.359 -0.158 0.785 -1.081 0.140 -1.454 0.424 0.857 -0.950 1.125 0.308 -0.162 -0.117
-0.355 -0.160 0.790 -1.081 0.141 -1.453 0.422 0.838 -0.965 1.135 0.304 -0.157 -0.117
-0.351 -0.163 0.796 -1.082 0.143 -1.452 0.420 0.819 -0.979 1.145 0.301 -0.151 -0.117
-0.347 -0.166 0.801 -1.082 0.144 -1.450 0.418 0.799 -0.992 1.155 0.297 -0.146 -0.116
-0.344 -0.170 0.806 -1.083 0.146 -1.449 0.416 0.778 -1.003 1.166 0.293 -0.141 -0.115
-0.340 -0.173 0.811 -1.083 0.148 -1.447 0.414 0.756 -1.014 1.176 0.290 -0.135 -0.114
-0.336 -0.177 0.816 -1.083 0.150 -1.446 0.413 0.733 -1.023 1.187 0.286 -0.130 -0.113
-0.333 -0.179 0.819 -1.084 0.153 -1.444 0.412 0.709 -1.031 1.198 0.283 -0.124 -0.112
-0.329 -0.184 0.824 -1.084 0.155 -1.442 0.411 0.685 -1.038 1.210 0.279 -0.119 -0.110
-0.325 -0.187 0.827 -1.085 0.158 -1.441 0.410 0.660 -1.044 1.221 0.275 -0.114 -0.109
-0.321 -0.192 0.831 -1.085 0.161 -1.438 0.409 0.634 -1.048 1.233 0.272 -0.109 -0.107
-0.317 -0.196 0.835 -1.086 0.165 -1.436 0.408 0.607 -1.051 1.245 0.268 -0.104 -0.105
-0.313 -0.201 0.837 -1.087 0.169 -1.434 0.408 0.580 -1.053 1.257 0.265 -0.099 -0.103
-0.309 -0.207 0.839 -1.088 0.174 -1.432 0.408 0.552 -1.053 1.269 0.261 -0.094 -0.101
-0.304 -0.212 0.839 -1.090 0.179 -1.429 0.409 0.524 -1.053 1.281 0.257 -0.089 -0.099
-0.299 -0.219 0.838 -1.092 0.185 -1.427 0.411 0.495 -1.051 1.293 0.254 -0.084 -0.097
-0.295 -0.225 0.837 -1.093 0.191 -1.424 0.413 0.466 -1.047 1.305 0.250 -0.079 -0.094
-0.290 -0.231 0.835 -1.095 0.197 -1.422 0.414 0.436 -1.042 1.317 0.246 -0.075 -0.092
-0.284 -0.238 0.833 -1.098 0.204 -1.419 0.417 0.406 -1.037 1.330 0.243 -0.070 -0.089
-0.279 -0.245 0.831 -1.100 0.210 -1.416 0.419 0.376 -1.029 1.343 0.239 -0.066 -0.087
-0.273 -0.252 0.828 -1.102 0.217 -1.413 0.421 0.345 -1.021 1.356 0.235 -0.062 -0.084
-0.267 -0.258 0.825 -1.104 0.224 -1.410 0.424 0.314 -1.012 1.370 0.232 -0.057 -0.081
-0.261 -0.265 0.822 -1.106 0.230 -1.407 0.427 0.283 -1.001 1.386 0.228 -0.053 -0.078
-0.255 -0.272 0.818 -1.109 0.237 -1.404 0.429 0.251 -0.990 1.404 0.224 -0.049 -0.075
-0.248 -0.280 0.814 -1.111 0.244 -1.400 0.433 0.220 -0.979 1.423 0.220 -0.045 -0.072
-0.242 -0.287 0.810 -1.114 0.251 -1.397 0.435 0.188 -0.967 1.445 0.217 -0.042 -0.069
-0.235 -0.294 0.806 -1.116 0.258 -1.393 0.438 0.156 -0.955 1.468 0.213 -0.038 -0.065
-0.228 -0.302 0.800 -1.119 0.265 -1.389 0.442 0.124 -0.945 1.491 0.209 -0.035 -0.062
-0.221 -0.309 0.796 -1.121 0.272 -1.386 0.444 0.092 -0.936 1.510 0.205 -0.031 -0.059
-0.214 -0.316 0.791 -1.124 0.278 -1.382 0.448 0.061 -0.930 1.519 0.201 -0.028 -0.056
-0.206 -0.323 0.786 -1.126 0.285 -1.378 0.451 0.029 -0.928 1.509 0.197 -0.025 -0.052
-0.198 -0.331 0.781 -1.129 0.292 -1.374 0.454 -0.003 -0.930 1.470 0.193 -0.022 -0.049
-0.191 -0.338 0.775 -1.131 0.298 -1.370 0.457 -0.035 -0.935 1.461 0.189 -0.019 -0.046
-0.183 -0.345 0.770 -1.134 0.305 -1.366 0.461 -0.067 -0.944 1.469 0.185 -0.016 -0.042
-0.175 -0.353 0.764 -1.137 0.312 -1.362 0.464 -0.099 -0.953 1.488 0.181 -0.013 -0.039
-0.167 -0.360 0.758 -1.139 0.318 -1.357 0.467 -0.131 -0.964 1.510 0.177 -0.011 -0.036
-0.158 -0.367 0.752 -1.142 0.324 -1.353 0.471 -0.163 -0.975 1.534 0.173 -0.009 -0.032
-0.150 -0.375 0.746 -1.145 0.331 -1.348 0.474 -0.195 -0.985 1.555 0.169 -0.006 -0.029
-0.142 -0.381 0.741 -1.147 0.337 -1.344 0.477 -0.227 -0.995 1.575 0.165 -0.004 -0.026
-0.133 -0.389 0.735 -1.150 0.343 -1.339 0.481 -0.259 -1.004 1.592 0.161 -0.002 -0.022
-0.125 -0.396 0.729 -1.152 0.349 -1.335 0.484 -0.290 -1.012 1.608 0.156 -0.000 -0.019
-0.116 -0.403 0.723 -1.154 0.354 -1.330 0.487 -0.322 -1.019 1.622 0.152 0.001 -0.016
-0.108 -0.410 0.717 -1.157 0.360 -1.325 0.491 -0.353 -1.025 1.636 0.148 0.003 -0.013
-0.099 -0.417 0.711 -1.159 0.366 -1.320 0.494 -0.384 -1.030 1.648 0.144 0.004 -0.010
-0.090 -0.424 0.704 -1.162 0.371 -1.315 0.498 -0.415 -1.034 1.661 0.139 0.005 -0.007
-0.081 -0.431 0.698 -1.164 0.377 -1.310 0.502 -0.445 -1.036 1.673 0.135 0.007 -0.004
-0.072 -0.438 0.691 -1.167 0.382 -1.305 0.506 -0.475 -1.038 1.685 0.131 0.007 -0.001
-0.062 -0.445 0.684 -1.169 0.388 -1.300 0.509 -0.505 -1.038 1.697 0.127 0.008 0.002
-0.053 -0.451 0.677 -1.172 0.393 -1.295 0.513 -0.534 -1.037 1.709 0.122 0.009 0.005
-0.044 -0.458 0.671 -1.175 0.398 -1.290 0.517 -0.562 -1.034 1.721 0.118 0.009 0.008
-0.035 -0.465 0.664 -1.177 0.403 -1.285 0.521 -0.590 -1.031 1.733 0.114 0.010 0.011
-0.025 -0.472 0.657 -1.180 0.408 -1.280 0.525 -0.618 -1.026 1.745 0.109 0.010 0.013
-0.016 -0.478 0.650 -1.182 0.413 -1.274 0.529 -0.645 -1.020 1.757 0.105 0.010 0.016
-0.006 -0.485 0.643 -1.185 0.417 -1.269 0.534 -0.671 -1.013 1.768 0.101 0.010 0.018
0.003 -0.491 0.636 -1.187 0.422 -1.263 0.538 -0.696 -1.004 1.779 0.096 0.010 0.021
0.013 -0.498 0.628 -1.190 0.426 -1.258 0.543 -0.721 -0.995 1.791 0.092 0.010 0.023
0.022 -0.504 0.621 -1.193 0.430 -1.252 0.547 -0.745 -0.984 1.802 0.088 0.009 0.025
0.032 -0.511 0.614 -1.195 0.435 -1.247 0.551 -0.768 -0.973 1.812 0.083 0.009 0.027
0.041 -0.517 0.606 -1.198 0.439 -1.241 0.556 -0.791 -0.960 1.823 0.079 0.008 0.029
0.051 -0.524 0.599 -1.200 0.443 -1.236 0.561 -0.812 -0.946 1.833 0.074 0.008 0.031
0.061 -0.530 0.591 -1.203 0.446 -1.230 0.566 -0.833 -0.932 1.843 0.070 0.007 0.032
0.071 -0.536 0.583 -1.206 0.450 -1.224 0.571 -0.853 -0.916 1.853 0.066 0.006 0.034
0.081 -0.542 0.575 -1.209 0.454 -1.218 0.576 -0.872 -0.899 1.863 0.062 0.005 0.036
0.091 -0.549 0.567 -1.211 0.457 -1.213 0.581 -0.889 -0.881 1.872 0.057 0.004 0.037
0.101 -0.555 0.559 -1.214 0.460 -1.207 0.587 -0.906 -0.863 1.882 0.053 0.003 0.038
0.111 -0.561 0.551 -1.217 0.463 -1.201 0.592 -0.922 -0.843 1.891 0.049 0.002 0.039
0.121 -0.567 0.543 -1.220 0.466 -1.195 0.598 -0.937 -0.822 1.899 0.045 0.000 0.040
0.131 -0.573 0.535 -1.223 0.469 -1.189 0.604 -0.950 -0.801 1.908 0.040 -0.001 0.041
0.141 -0.579 0.527 -1.225 0.472 -1.183 0.610 -0.963 -0.779 1.916 0.036 -0.003 0.042
0.151 -0.585 0.518 -1.228 0.474 -1.177 0.615 -0.974 -0.756 1.924 0.032 -0.004 0.043
0.161 -0.591 0.510 -1.231 0.477 -1.171 0.622 -0.985 -0.732 1.932 0.028 -0.006 0.043
0.171 -0.596 0.501 -1.234 0.479 -1.165 0.628 -0.994 -0.708 1.939 0.024 -0.007 0.044
0.181 -0.602 0.493 -1.237 0.481 -1.159 0.634 -1.002 -0.683 1.947 0.020 -0.009 0.044
0.191 -0.608 0.484 -1.239 0.483 -1.153 0.640 -1.008 -0.657 1.953 0.016 -0.010 0.045
0.200 -0.613 0.477 -1.242 0.485 -1.147 0.646 -1.014 -0.630 1.960 0.012 -0.012 0.045
0.211 -0.619 0.467 -1.245 0.486 -1.140 0.653 -1.018 -0.603 1.966 0.008 -0.014 0.045
0.221 -0.624 0.459 -1.247 0.488 -1.134 0.660 -1.021 -0.575 1.972 0.004 -0.015 0.045
0.231 -0.630 0.450 -1.250 0.489 -1.128 0.667 -1.022 -0.547 1.978 0.000 -0.017 0.044
0.241 -0.635 0.442 -1.253 0.490 -1.122 0.674 -1.023 -0.518 1.984 -0.004 -0.019 0.044
0.251 -0.640 0.432 -1.256 0.491 -1.116 0.681 -1.022 -0.489 1.989 -0.007 -0.020 0.044
0.261 -0.645 0.424 -1.258 0.492 -1.110 0.688 -1.020 -0.459 1.993 -0.011 -0.022 0.043
0.271 -0.650 0.416 -1.261 0.493 -1.103 0.695 -1.016 -0.429 1.998 -0.015 -0.024 0.043
0.281 -0.655 0.407 -1.263 0.493 -1.097 0.702 -1.012 -0.398 2.002 -0.018 -0.025 0.042
0.291 -0.660 0.398 -1.266 0.493 -1.091 0.710 -1.006 -0.367 2.006 -0.022 -0.027 0.041
0.301 -0.665 0.389 -1.268 0.493 -1.084 0.718 -0.999 -0.336 2.010 -0.025 -0.029 0.041
0.311 -0.670 0.380 -1.271 0.493 -1.078 0.725 -0.991 -0.304 2.013 -0.029 -0.030 0.040
0.321 -0.675 0.371 -1.274 0.493 -1.072 0.733 -0.982 -0.272 2.016 -0.032 -0.032 0.039
0.331 -0.679 0.362 -1.276 0.493 -1.066 0.741 -0.972 -0.240 2.018 -0.035 -0.033 0.038
0.341 -0.684 0.353 -1.278 0.492 -1.059 0.749 -0.962 -0.208 2.021 -0.039 -0.035 0.037
0.351 -0.689 0.345 -1.281 0.491 -1.053 0.757 -0.952 -0.175 2.023 -0.042 -0.036 0.035
0.361 -0.693 0.336 -1.283 0.491 -1.047 0.765 -0.942 -0.143 2.024 -0.045 -0.038 0.034
0.371 -0.698 0.327 -1.286 0.490 -1.041 0.774 -0.933 -0.110 2.026 -0.048 -0.039 0.033
0.381 -0.702 0.318 -1.288 0.488 -1.035 0.782 -0.925 -0.077 2.027 -0.051 -0.040 0.031
0.391 -0.706 0.309 -1.290 0.487 -1.028 0.790 -0.921 -0.044 2.027 -0.054 -0.041 0.030
0.401 -0.710 0.300 -1.292 0.486 -1.022 0.799 -0.920 -0.011 2.028 -0.057 -0.043 0.029
0.411 -0.715 0.292 -1.294 0.484 -1.016 0.807 -0.923 0.022 2.028 -0.060 -0.044 0.027
0.421 -0.719 0.283 -1.297 0.482 -1.010 0.816 -0.930 0.054 2.027 -0.062 -0.045 0.026
0.431 -0.723 0.274 -1.299 0.480 -1.004 0.824 -0.939 0.087 2.026 -0.065 -0.046 0.024
0.441 -0.726 0.266 -1.301 0.478 -0.998 0.833 -0.949 0.120 2.025 -0.068 -0.047 0.023
0.451 -0.730 0.257 -1.302 0.476 -0.992 0.842 -0.960 0.152 2.024 -0.070 -0.047 0.021
0.461 -0.734 0.248 -1.304 0.473 -0.986 0.851 -0.971 0.184 2.022 -0.073 -0.048 0.019
0.471 -0.737 0.240 -1.306 0.471 -0.980 0.860 -0.982 0.216 2.020 -0.075 -0.049 0.018
0.481 -0.741 0.231 -1.308 0.468 -0.975 0.869 -0.992 0.248 2.018 -0.077 -0.049 0.016
0.491 -0.744 0.223 -1.310 0.465 -0.969 0.878 -1.002 0.280 2.015 -0.079 -0.050 0.015
0.501 -0.748 0.215 -1.311 0.462 -0.963 0.887 -1.010 0.311 2.012 -0.081 -0.050 0.013
0.511 -0.751 0.206 -1.313 0.459 -0.958 0.896 -1.017 0.342 2.009 -0.083 -0.051 0.011
0.521 -0.754 0.198 -1.314 0.456 -0.952 0.905 -1.023 0.372 2.006 -0.085 -0.051 0.010
0.530 -0.757 0.190 -1.316 0.452 -0.947 0.915 -1.028 0.402 2.002 -0.087 -0.051 0.008
0.540 -0.760 0.182 -1.317 0.449 -0.942 0.924 -1.031 0.431 1.997 -0.089 -0.051 0.007
0.550 -0.763 0.174 -1.319 0.445 -0.937 0.934 -1.033 0.460 1.993 -0.091 -0.051 0.005
0.560 -0.765 0.166 -1.320 0.441 -0.931 0.943 -1.034 0.489 1.988 -0.092 -0.051 0.003
0.570 -0.768 0.158 -1.321 0.437 -0.927 0.953 -1.034 0.517 1.983 -0.093 -0.051 0.002
0.580 -0.770 0.150 -1.323 0.432 -0.922 0.962 -1.032 0.544 1.977 -0.095 -0.051 0.000
0.590 -0.772 0.142 -1.324 0.428 -0.917 0.972 -1.029 0.571 1.972 -0.096 -0.051 -0.001
0.600 -0.775 0.134 -1.325 0.424 -0.913 0.982 -1.024 0.597 1.965 -0.097 -0.051 -0.003
0.610 -0.777 0.126 -1.327 0.419 -0.908 0.992 -1.019 0.622 1.959 -0.098 -0.050 -0.004
0.620 -0.779 0.118 -1.328 0.414 -0.904 1.002 -1.012 0.646 1.952 -0.099 -0.050 -0.005
0.630 -0.780 0.110 -1.329 0.409 -0.900 1.012 -1.004 0.670 1.946 -0.100 -0.049 -0.007
0.640 -0.782 0.103 -1.330 0.404 -0.896 1.022 -0.994 0.693 1.938 -0.101 -0.049 -0.008
0.650 -0.784 0.095 -1.331 0.399 -0.892 1.032 -0.983 0.716 1.931 -0.101 -0.048 -0.009
0.660 -0.785 0.087 -1.333 0.393 -0.888 1.042 -0.972 0.737 1.923 -0.102 -0.047 -0.010
0.670 -0.787 0.080 -1.334 0.388 -0.885 1.053 -0.959 0.757 1.915 -0.102 -0.047 -0.012
0.680 -0.788 0.072 -1.335 0.382 -0.881 1.063 -0.944 0.777 1.907 -0.103 -0.046 -0.013
0.690 -0.789 0.065 -1.336 0.377 -0.878 1.073 -0.929 0.796 1.898 -0.103 -0.045 -0.014
0.700 -0.790 0.057 -1.337 0.371 -0.875 1.084 -0.913 0.813 1.889 -0.103 -0.044 -0.015
0.711 -0.791 0.050 -1.338 0.365 -0.872 1.094 -0.895 0.830 1.880 -0.103 -0.043 -0.016
0.721 -0.792 0.042 -1.339 0.359 -0.870 1.105 -0.877 0.846 1.871 -0.103 -0.042 -0.017
0.731 -0.792 0.035 -1.340 0.353 -0.867 1.116 -0.857 0.860 1.862 -0.103 -0.041 -0.017
0.741 -0.793 0.028 -1.341 0.346 -0.865 1.126 -0.836 0.874 1.852 -0.103 -0.040 -0.018
0.752 -0.793 0.020 -1.342 0.340 -0.862 1.137 -0.815 0.886 1.842 -0.102 -0.039 -0.019
0.762 -0.793 0.013 -1.343 0.333 -0.860 1.148 -0.792 0.898 1.832 -0.102 -0.038 -0.020
0.772 -0.794 0.006 -1.344 0.327 -0.858 1.159 -0.769 0.908 1.821 -0.102 -0.037 -0.020
0.783 -0.794 -0.001 -1.345 0.320 -0.857 1.170 -0.745 0.917 1.811 -0.101 -0.036 -0.021
0.793 -0.794 -0.009 -1.346 0.314 -0.855 1.180 -0.719 0.924 1.800 -0.101 -0.034 -0.021
0.803 -0.794 -0.016 -1.347 0.307 -0.854 1.191 -0.694 0.931 1.789 -0.100 -0.033 -0.022
0.814 -0.793 -0.023 -1.348 0.300 -0.852 1.202 -0.667 0.936 1.778 -0.099 -0.032 -0.022
0.824 -0.793 -0.030 -1.349 0.293 -0.851 1.213 -0.639 0.941 1.766 -0.099 -0.031 -0.023
0.835 -0.792 -0.037 -1.350 0.286 -0.850 1.224 -0.611 0.943 1.755 -0.098 -0.030 -0.023
0.845 -0.792 -0.044 -1.350 0.279 -0.850 1.235 -0.582 0.945 1.743 -0.097 -0.029 -0.023
0.856 -0.791 -0.051 -1.351 0.272 -0.849 1.246 -0.553 0.945 1.731 -0.096 -0.027 -0.023
0.866 -0.790 -0.059 -1.352 0.265 -0.849 1.257 -0.523 0.944 1.719 -0.095 -0.026 -0.023
0.877 -0.790 -0.066 -1.353 0.258 -0.848 1.268 -0.492 0.942 1.707 -0.094 -0.025 -0.023
0.887 -0.789 -0.073 -1.354 0.251 -0.848 1.280 -0.461 0.939 1.695 -0.093 -0.024 -0.024
0.898 -0.788 -0.080 -1.355 0.244 -0.848 1.291 -0.430 0.934 1.683 -0.092 -0.023 -0.024
0.908 -0.786 -0.087 -1.355 0.237 -0.848 1.302 -0.397 0.928 1.670 -0.091 -0.022 -0.024
0.919 -0.785 -0.094 -1.356 0.230 -0.848 1.313 -0.365 0.921 1.658 -0.090 -0.020 -0.023
0.929 -0.784 -0.101 -1.357 0.223 -0.849 1.324 -0.332 0.912 1.645 -0.089 -0.019 -0.023
0.940 -0.782 -0.108 -1.357 0.216 -0.849 1.335 -0.299 0.903 1.632 -0.087 -0.018 -0.023
0.950 -0.781 -0.115 -1.358 0.209 -0.850 1.346 -0.265 0.893 1.619 -0.086 -0.017 -0.023
0.960 -0.779 -0.122 -1.359 0.202 -0.851 1.357 -0.231 0.881 1.606 -0.085 -0.016 -0.023
0.971 -0.778 -0.129 -1.359 0.195 -0.851 1.368 -0.197 0.870 1.593 -0.084 -0.015 -0.023
0.981 -0.776 -0.136 -1.360 0.189 -0.852 1.379 -0.163 0.858 1.580 -0.083 -0.014 -0.022
0.992 -0.774 -0.143 -1.360 0.182 -0.853 1.391 -0.129 0.846 1.567 -0.081 -0.014 -0.022
1.002 -0.772 -0.150 -1.360 0.175 -0.854 1.402 -0.094 0.835 1.554 -0.080 -0.013 -0.022
1.013 -0.770 -0.157 -1.361 0.168 -0.856 1.413 -0.060 0.826 1.540 -0.079 -0.012 -0.021
1.023 -0.768 -0.164 -1.361 0.162 -0.857 1.424 -0.025 0.820 1.527 -0.078 -0.011 -0.021
1.033 -0.766 -0.171 -1.362 0.155 -0.858 1.435 0.010 0.817 1.514 -0.076 -0.010 -0.021
1.044 -0.764 -0.178 -1.362 0.148 -0.860 1.446 0.044 0.818 1.500 -0.075 -0.010 -0.020
1.054 -0.761 -0.184 -1.362 0.142 -0.861 1.457 0.079 0.823 1.487 -0.074 -0.009 -0.020
1.064 -0.759 -0.191 -1.362 0.136 -0.863 1.468 0.113 0.830 1.474 -0.073 -0.008 -0.020
1.075 -0.757 -0.198 -1.362 0.129 -0.865 1.478 0.147 0.839 1.460 -0.072 -0.008 -0.019
1.085 -0.754 -0.205 -1.362 0.123 -0.866 1.489 0.181 0.849 1.447 -0.070 -0.007 -0.019
1.095 -0.752 -0.212 -1.362 0.117 -0.868 1.500 0.215 0.859 1.434 -0.069 -0.007 -0.018
1.105 -0.749 -0.219 -1.363 0.111 -0.870 1.511 0.249 0.869 1.420 -0.068 -0.006 -0.018
1.115 -0.746 -0.226 -1.362 0.105 -0.872 1.522 0.282 0.878 1.407 -0.067 -0.006 -0.018
1.125 -0.743 -0.232 -1.362 0.099 -0.874 1.532 0.315 0.886 1.394 -0.066 -0.005 -0.017
1.135 -0.741 -0.239 -1.362 0.094 -0.876 1.543 0.347 0.893 1.381 -0.065 -0.005 -0.017
1.145 -0.738 -0.246 -1.362 0.088 -0.879 1.553 0.379 0.899 1.368 -0.064 -0.005 -0.016
1.155 -0.735 -0.252 -1.362 0.083 -0.881 1.564 0.411 0.904 1.355 -0.062 -0.004 -0.016
1.164 -0.732 -0.259 -1.362 0.078 -0.883 1.574 0.442 0.908 1.342 -0.061 -0.004 -0.016
1.174 -0.729 -0.265 -1.362 0.073 -0.886 1.585 0.473 0.911 1.329 -0.060 -0.004 -0.015
1.183 -0.726 -0.271 -1.361 0.068 -0.888 1.595 0.502 0.912 1.317 -0.059 -0.004 -0.015
1.193 -0.722 -0.278 -1.361 0.063 -0.891 1.605 0.532 0.912 1.304 -0.058 -0.003 -0.015
1.202 -0.719 -0.284 -1.361 0.059 -0.893 1.615 0.560 0.911 1.292 -0.057 -0.003 -0.014
1.211 -0.716 -0.290 -1.361 0.054 -0.896 1.625 0.588 0.909 1.279 -0.056 -0.003 -0.014
1.221 -0.712 -0.296 -1.360 0.050 -0.899 1.635 0.616 0.906 1.267 -0.055 -0.003 -0.013
1.230 -0.709 -0.302 -1.360 0.046 -0.902 1.645 0.642 0.901 1.255 -0.054 -0.003 -0.013
1.239 -0.705 -0.307 -1.360 0.042 -0.905 1.654 0.668 0.895 1.243 -0.053 -0.003 -0.013
1.248 -0.701 -0.313 -1.359 0.038 -0.908 1.664 0.692 0.888 1.231 -0.052 -0.003 -0.013
1.256 -0.698 -0.319 -1.359 0.035 -0.911 1.673 0.716 0.880 1.219 -0.051 -0.003 -0.012
1.264 -0.694 -0.323 -1.359 0.032 -0.914 1.682 0.739 0.870 1.208 -0.050 -0.003 -0.012
1.273 -0.690 -0.329 -1.359 0.029 -0.917 1.692 0.761 0.860 1.197 -0.050 -0.003 -0.012
1.281 -0.686 -0.333 -1.358 0.026 -0.921 1.700 0.782 0.848 1.186 -0.049 -0.003 -0.011
1.290 -0.682 -0.339 -1.358 0.023 -0.924 1.710 0.802 0.835 1.175 -0.048 -0.003 -0.011
1.298 -0.678 -0.343 -1.358 0.021 -0.927 1.718 0.821 0.822 1.164 -0.047 -0.004 -0.011
1.307 -0.674 -0.349 -1.357 0.018 -0.931 1.727 0.839 0.807 1.153 -0.046 -0.004 -0.011
1.314 -0.670 -0.353 -1.357 0.016 -0.934 1.736 0.856 0.791 1.143 -0.045 -0.004 -0.011
1.323 -0.665 -0.358 -1.356 0.014 -0.938 1.745 0.872 0.774 1.133 -0.044 -0.004 -0.010
1.330 -0.661 -0.362 -1.356 0.012 -0.942 1.752 0.886 0.757 1.123 -0.044 -0.004 -0.010
1.338 -0.657 -0.366 -1.356 0.010 -0.945 1.761 0.899 0.738 1.114 -0.043 -0.004 -0.010
1.345 -0.652 -0.370 -1.356 0.009 -0.949 1.769 0.911 0.719 1.104 -0.042 -0.005 -0.010
1.353 -0.648 -0.374 -1.355 0.008 -0.953 1.777 0.922 0.699 1.095 -0.041 -0.005 -0.010
1.360 -0.643 -0.377 -1.355 0.007 -0.957 1.785 0.932 0.678 1.086 -0.040 -0.005 -0.010
1.367 -0.639 -0.381 -1.354 0.006 -0.960 1.792 0.940 0.656 1.078 -0.040 -0.005 -0.010
1.375 -0.634 -0.385 -1.354 0.005 -0.964 1.800 0.947 0.633 1.069 -0.039 -0.005 -0.010
1.382 -0.629 -0.388 -1.354 0.004 -0.968 1.807 0.952 0.610 1.061 -0.038 -0.006 -0.010
1.389 -0.624 -0.391 -1.353 0.004 -0.972 1.815 0.957 0.586 1.053 -0.037 -0.006 -0.010
1.396 -0.619 -0.394 -1.353 0.003 -0.976 1.822 0.959 0.562 1.046 -0.036 -0.006 -0.010
1.402 -0.614 -0.397 -1.352 0.003 -0.980 1.829 0.961 0.537 1.038 -0.036 -0.006 -0.009
1.409 -0.609 -0.400 -1.352 0.003 -0.984 1.836 0.961 0.512 1.031 -0.035 -0.007 -0.009
1.416 -0.604 -0.402 -1.352 0.003 -0.988 1.843 0.959 0.486 1.025 -0.034 -0.007 -0.009
1.422 -0.599 -0.405 -1.351 0.004 -0.992 1.850 0.956 0.459 1.018 -0.033 -0.007 -0.009
1.429 -0.594 -0.407 -1.351 0.004 -0.997 1.856 0.952 0.433 1.012 -0.033 -0.007 -0.009
1.435 -0.588 -0.409 -1.350 0.005 -1.001 1.863 0.946 0.406 1.007 -0.032 -0.007 -0.009
1.441 -0.583 -0.411 -1.350 0.005 -1.005 1.869 0.938 0.378 1.001 -0.031 -0.007 -0.009
1.447 -0.578 -0.413 -1.349 0.006 -1.009 1.876 0.930 0.350 0.996 -0.031 -0.008 -0.009
1.453 -0.572 -0.415 -1.348 0.007 -1.013 1.882 0.919 0.323 0.991 -0.030 -0.008 -0.009
1.459 -0.567 -0.416 -1.348 0.008 -1.017 1.888 0.908 0.294 0.987 -0.029 -0.008 -0.009
1.465 -0.561 -0.418 -1.347 0.009 -1.021 1.894 0.895 0.266 0.983 -0.028 -0.008 -0.009
1.470 -0.556 -0.418 -1.347 0.010 -1.025 1.899 0.880 0.238 0.979 -0.028 -0.008 -0.009
1.477 -0.550 -0.419 -1.346 0.012 -1.030 1.905 0.865 0.209 0.975 -0.027 -0.008 -0.009
1.482 -0.545 -0.421 -1.345 0.013 -1.034 1.911 0.848 0.181 0.972 -0.026 -0.008 -0.009
1.487 -0.540 -0.421 -1.345 0.015 -1.037 1.916 0.830 0.153 0.969 -0.025 -0.008 -0.009
1.493 -0.533 -0.422 -1.344 0.016 -1.042 1.922 0.811 0.124 0.967 -0.025 -0.009 -0.009
1.498 -0.528 -0.422 -1.343 0.018 -1.046 1.927 0.791 0.096 0.965 -0.024 -0.009 -0.009
1.504 -0.522 -0.423 -1.342 0.020 -1.050 1.933 0.772 0.068 0.963 -0.023 -0.009 -0.009
1.509 -0.517 -0.423 -1.341 0.022 -1.054 1.938 0.752 0.041 0.962 -0.023 -0.009 -0.009
1.515 -0.510 -0.424 -1.340 0.024 -1.058 1.944 0.732 0.013 0.961 -0.022 -0.009 -0.009
1.520 -0.505 -0.423 -1.339 0.025 -1.062 1.948 0.713 -0.014 0.960 -0.021 -0.009 -0.009
1.525 -0.499 -0.424 -1.338 0.027 -1.066 1.954 0.696 -0.041 0.960 -0.021 -0.009 -0.009
1.530 -0.493 -0.424 -1.337 0.029 -1.069 1.959 0.681 -0.068 0.960 -0.020 -0.009 -0.009
1.535 -0.487 -0.424 -1.336 0.032 -1.074 1.964 0.668 -0.094 0.960 -0.019 -0.009 -0.009
1.540 -0.481 -0.424 -1.335 0.034 -1.077 1.969 0.657 -0.119 0.961 -0.019 -0.009 -0.009
1.545 -0.475 -0.424 -1.333 0.036 -1.081 1.974 0.648 -0.144 0.962 -0.018 -0.009 -0.008
1.550 -0.470 -0.423 -1.332 0.038 -1.085 1.979 0.641 -0.169 0.963 -0.017 -0.009 -0.008
1.555 -0.463 -0.423 -1.330 0.040 -1.088 1.984 0.634 -0.193 0.965 -0.017 -0.009 -0.008
1.560 -0.458 -0.422 -1.329 0.042 -1.092 1.988 0.628 -0.217 0.967 -0.016 -0.009 -0.008
1.565 -0.451 -0.423 -1.327 0.045 -1.096 1.994 0.622 -0.239 0.970 -0.015 -0.009 -0.008
1.569 -0.446 -0.421 -1.326 0.047 -1.099 1.998 0.616 -0.262 0.973 -0.015 -0.008 -0.008
1.574 -0.439 -0.421 -1.323 0.049 -1.102 2.003 0.609 -0.283 0.976 -0.014 -0.008 -0.008
1.579 -0.434 -0.420 -1.322 0.052 -1.106 2.008 0.601 -0.304 0.979 -0.014 -0.008 -0.008
1.584 -0.427 -0.420 -1.320 0.054 -1.109 2.013 0.593 -0.324 0.983 -0.013 -0.008 -0.007
1.588 -0.422 -0.419 -1.318 0.056 -1.112 2.017 0.583 -0.343 0.987 -0.012 -0.008 -0.007
1.593 -0.415 -0.418 -1.316 0.059 -1.116 2.022 0.573 -0.361 0.992 -0.012 -0.008 -0.007
1.597 -0.410 -0.417 -1.314 0.061 -1.118 2.027 0.561 -0.378 0.996 -0.011 -0.008 -0.007
1.602 -0.403 -0.417 -1.312 0.064 -1.122 2.031 0.548 -0.395 1.002 -0.011 -0.008 -0.007
1.606 -0.398 -0.415 -1.310 0.066 -1.125 2.036 0.534 -0.410 1.007 -0.010 -0.008 -0.007
1.610 -0.393 -0.414 -1.308 0.068 -1.127 2.040 0.519 -0.425 1.013 -0.010 -0.008 -0.006
1.615 -0.386 -0.413 -1.306 0.071 -1.130 2.045 0.502 -0.439 1.019 -0.009 -0.007 -0.006
1.619 -0.381 -0.411 -1.304 0.073 -1.133 2.049 0.485 -0.451 1.025 -0.009 -0.007 -0.006
1.623 -0.376 -0.410 -1.302 0.075 -1.136 2.054 0.466 -0.463 1.032 -0.008 -0.007 -0.006
1.627 -0.369 -0.409 -1.299 0.078 -1.139 2.059 0.446 -0.473 1.039 -0.008 -0.007 -0.006
1.631 -0.364 -0.407 -1.297 0.080 -1.141 2.063 0.426 -0.483 1.046 -0.007 -0.007 -0.005
1.635 -0.359 -0.406 -1.295 0.082 -1.144 2.067 0.404 -0.491 1.054 -0.007 -0.007 -0.005
1.640 -0.352 -0.405 -1.292 0.085 -1.146 2.072 0.381 -0.499 1.062 -0.006 -0.006 -0.005
1.644 -0.347 -0.403 -1.290 0.087 -1.148 2.076 0.358 -0.505 1.070 -0.006 -0.006 -0.005
1.648 -0.342 -0.401 -1.287 0.089 -1.151 2.080 0.334 -0.510 1.078 -0.006 -0.006 -0.005
1.652 -0.336 -0.400 -1.284 0.092 -1.153 2.085 0.309 -0.514 1.087 -0.005 -0.006 -0.004
1.655 -0.331 -0.398 -1.282 0.094 -1.155 2.090 0.284 -0.517 1.096 -0.005 -0.006 -0.004
1.659 -0.326 -0.396 -1.280 0.096 -1.157 2.094 0.258 -0.519 1.105 -0.005 -0.005 -0.004
1.663 -0.320 -0.395 -1.276 0.098 -1.159 2.099 0.232 -0.520 1.115 -0.004 -0.005 -0.004
1.667 -0.315 -0.393 -1.274 0.100 -1.161 2.103 0.206 -0.519 1.124 -0.004 -0.005 -0.004
1.671 -0.310 -0.391 -1.272 0.102 -1.163 2.107 0.180 -0.517 1.134 -0.004 -0.005 -0.003
1.675 -0.304 -0.390 -1.268 0.105 -1.165 2.112 0.154 -0.514 1.144 -0.003 -0.005 -0.003
1.678 -0.300 -0.388 -1.266 0.107 -1.167 2.116 0.129 -0.510 1.155 -0.003 -0.004 -0.003
1.682 -0.295 -0.386 -1.264 0.109 -1.169 2.121 0.104 -0.505 1.165 -0.003 -0.004 -0.003
1.686 -0.289 -0.384 -1.260 0.111 -1.170 2.126 0.079 -0.498 1.176 -0.003 -0.004 -0.003
1.689 -0.285 -0.382 -1.258 0.113 -1.172 2.130 0.055 -0.491 1.186 -0.002 -0.004 -0.002
1.693 -0.279 -0.381 -1.254 0.115 -1.174 2.135 0.032 -0.482 1.197 -0.002 -0.004 -0.002
1.697 -0.275 -0.379 -1.252 0.117 -1.175 2.140 0.010 -0.472 1.208 -0.002 -0.003 -0.002
1.700 -0.270 -0.377 -1.248 0.119 -1.177 2.145 -0.010 -0.461 1.219 -0.002 -0.003 -0.002
1.704 -0.265 -0.375 -1.246 0.121 -1.178 2.149 -0.030 -0.448 1.230 -0.002 -0.003 -0.002
1.707 -0.260 -0.374 -1.243 0.123 -1.179 2.154 -0.048 -0.435 1.242 -0.001 -0.003 -0.002
1.711 -0.256 -0.372 -1.240 0.125 -1.181 2.159 -0.065 -0.421 1.255 -0.001 -0.002 -0.001
1.714 -0.251 -0.371 -1.237 0.127 -1.182 2.164 -0.080 -0.405 1.269 -0.001 -0.002 -0.001
1.717 -0.247 -0.369 -1.234 0.129 -1.183 2.169 -0.093 -0.389 1.284 -0.001 -0.002 -0.001
1.721 -0.241 -0.368 -1.230 0.131 -1.184 2.175 -0.105 -0.371 1.302 -0.001 -0.002 -0.001
1.724 -0.236 -0.367 -1.227 0.133 -1.185 2.180 -0.114 -0.352 1.322 -0.001 -0.002 -0.001
1.727 -0.232 -0.365 -1.225 0.135 -1.186 2.185 -0.122 -0.333 1.345 -0.001 -0.001 -0.001
1.730 -0.227 -0.364 -1.221 0.137 -1.187 2.191 -0.128 -0.312 1.370 -0.001 -0.001 -0.001
1.733 -0.222 -0.362 -1.217 0.139 -1.188 2.197 -0.132 -0.291 1.394 -0.000 -0.001 -0.001
1.736 -0.218 -0.361 -1.214 0.141 -1.189 2.202 -0.134 -0.269 1.414 -0.000 -0.001 -0.001
1.739 -0.213 -0.360 -1.211 0.143 -1.190 2.208 -0.133 -0.247 1.423 -0.000 -0.001 -0.000
1.742 -0.208 -0.359 -1.208 0.145 -1.191 2.214 -0.130 -0.223 1.412 -0.000 -0.001 -0.000
1.745 -0.204 -0.358 -1.204 0.147 -1.191 2.220 -0.126 -0.199 1.367 -0.000 -0.000 -0.000
1.748 -0.199 -0.357 -1.201 0.149 -1.192 2.226 -0.118 -0.175 1.274 -0.000 -0.000 -0.000
1.751 -0.195 -0.356 -1.198 0.151 -1.193 2.232 -0.109 -0.150 1.121 -0.000 -0.000 -0.000
1.754 -0.190 -0.355 -1.194 0.153 -1.194 2.238 -0.097 -0.125 0.899 -0.000 -0.000 -0.000
1.757 -0.185 -0.354 -1.190 0.155 -1.194 2.244 -0.083 -0.100 0.612 -0.000 -0.000 -0.000
1.759 -0.181 -0.353 -1.187 0.157 -1.195 2.251 -0.067 -0.075 0.289 -0.000 -0.000 -0.000
1.762 -0.176 -0.352 -1.183 0.159 -1.195 2.257 -0.048 -0.049 0.004 -0.000 -0.000 -0.000
